{
 "cells": [
  {
   "cell_type": "code",
   "execution_count": 1,
   "metadata": {},
   "outputs": [],
   "source": [
    "import numpy as np\n",
    "import torch\n",
    "import matplotlib.pyplot as plt\n",
    "from OGMM import OGMM, init_cov_and_T_split\n",
    "from sklearn.mixture import GaussianMixture\n",
    "from scipy.special import logsumexp\n",
    "\n",
    "from sklearn.decomposition import PCA, IncrementalPCA\n",
    "from sklearn.neighbors import NearestNeighbors\n",
    "from sklearn.svm import SVC\n",
    "from sklearn.ensemble import RandomForestClassifier\n",
    "from sklearn.model_selection import train_test_split\n",
    "from sklearn.metrics import accuracy_score"
   ]
  },
  {
   "cell_type": "code",
   "execution_count": 2,
   "metadata": {},
   "outputs": [],
   "source": [
    "MGR_data = np.load(r'C:\\Users\\SL276123\\Documents\\Online DaDiL\\MGR_WBTransport\\MGR_WBTransport\\data\\MGR100.npy')\n",
    "MGR_features = MGR_data[:, :-2]\n",
    "MGR_labels = MGR_data[:, -2]\n",
    "MGR_domains = MGR_data[:, -1]\n",
    "X_train, X_test, y_train, y_test = train_test_split(MGR_features, MGR_labels, test_size=0.2, random_state=0)\n",
    "X_train_t = torch.from_numpy(X_train)\n",
    "X_test_t = torch.from_numpy(X_test)"
   ]
  },
  {
   "cell_type": "code",
   "execution_count": 3,
   "metadata": {},
   "outputs": [],
   "source": [
    "CSTR_data = np.load('./data/cstr_acfmeandata.npy')\n",
    "CSTR_features = CSTR_data[:, :-4]\n",
    "CSTR_labels = CSTR_data[:, -4]\n",
    "CSTR_domains = CSTR_data[:, -3]\n",
    "X_train, X_test, y_train, y_test = train_test_split(CSTR_features, CSTR_labels, test_size=0.2, random_state=0)\n",
    "X_train_t = torch.from_numpy(X_train)\n",
    "X_test_t = torch.from_numpy(X_test)\n",
    "X_train_target, X_test_target, y_train_target, y_test_target = train_test_split(CSTR_features[np.where(CSTR_domains==6)[0], :], CSTR_labels[np.where(CSTR_domains==6)[0]], test_size=0.2, random_state=0)\n",
    "X_train_target_t = torch.from_numpy(X_train_target)\n",
    "X_test_target_t = torch.from_numpy(X_test_target)"
   ]
  },
  {
   "cell_type": "markdown",
   "metadata": {},
   "source": [
    "## Log likelihood function"
   ]
  },
  {
   "cell_type": "code",
   "execution_count": 4,
   "metadata": {},
   "outputs": [],
   "source": [
    "GMM_sklearn = GaussianMixture(n_components=26, random_state=0).fit(X_train_target)"
   ]
  },
  {
   "cell_type": "code",
   "execution_count": 5,
   "metadata": {},
   "outputs": [
    {
     "name": "stdout",
     "output_type": "stream",
     "text": [
      "<class 'int'>\n"
     ]
    },
    {
     "data": {
      "text/plain": [
       "(array([[0.01870513, 0.03050341, 0.71569505, ..., 0.02910691, 0.02180226,\n",
       "         0.22188449],\n",
       "        [0.03656846, 0.0288222 , 0.74874293, ..., 0.02690639, 0.02083822,\n",
       "         0.22306459],\n",
       "        [0.03367389, 0.02711883, 0.69727668, ..., 0.02813525, 0.01795489,\n",
       "         0.19968224],\n",
       "        ...,\n",
       "        [0.01859864, 0.02835531, 0.01726093, ..., 0.02747718, 0.01936281,\n",
       "         0.12701677],\n",
       "        [0.70281891, 0.02968151, 0.03049145, ..., 0.03018488, 0.00279911,\n",
       "         0.18282624],\n",
       "        [0.70356649, 0.02851049, 0.02312163, ..., 0.02928326, 0.0154037 ,\n",
       "         0.19380079]]),\n",
       " array([ 0,  0,  0,  0,  0,  0,  0,  1,  1,  1,  2,  2,  2,  2,  2,  2,  2,\n",
       "         2,  2,  2,  2,  2,  3,  4,  4,  4,  4,  5,  5,  5,  5,  5,  5,  5,\n",
       "         6,  6,  6,  6,  6,  6,  7,  7,  7,  7,  7,  7,  8,  8,  8,  8,  8,\n",
       "         8,  8,  9,  9,  9, 10, 10, 11, 12, 12, 12, 13, 13, 14, 15, 16, 17,\n",
       "        17, 17, 17, 17, 17, 18, 19, 19, 19, 19, 19, 20, 20, 20, 20, 21, 21,\n",
       "        21, 21, 21, 21, 21, 21, 21, 21, 22, 22, 23, 23, 23, 24, 24]))"
      ]
     },
     "execution_count": 5,
     "metadata": {},
     "output_type": "execute_result"
    }
   ],
   "source": [
    "GMM_sklearn.sample(100)"
   ]
  },
  {
   "cell_type": "code",
   "execution_count": 85,
   "metadata": {},
   "outputs": [
    {
     "data": {
      "text/plain": [
       "array([0.06730769, 0.02403846, 0.11538783, 0.01442308, 0.04326919,\n",
       "       0.0625    , 0.06730769, 0.03365385, 0.03846154, 0.03846158,\n",
       "       0.00961538, 0.01442308, 0.02884615, 0.00961538, 0.04326923,\n",
       "       0.03846154, 0.05288462, 0.03846154, 0.00480769, 0.03365385,\n",
       "       0.01442308, 0.10095832, 0.03365385, 0.04807692, 0.01923077,\n",
       "       0.00480769])"
      ]
     },
     "execution_count": 85,
     "metadata": {},
     "output_type": "execute_result"
    }
   ],
   "source": [
    "GMM_sklearn.weights_"
   ]
  },
  {
   "cell_type": "code",
   "execution_count": 76,
   "metadata": {},
   "outputs": [
    {
     "data": {
      "text/plain": [
       "-3048.4572248600402"
      ]
     },
     "execution_count": 76,
     "metadata": {},
     "output_type": "execute_result"
    }
   ],
   "source": [
    "np.sum(GMM_sklearn.score_samples(X_test_target))"
   ]
  },
  {
   "cell_type": "code",
   "execution_count": 77,
   "metadata": {},
   "outputs": [],
   "source": [
    "def normal_pdf(x, mean, cov, bib='numpy'):\n",
    "    if bib == 'numpy':\n",
    "        return (2*np.pi)**(-len(x)/2) * np.linalg.det(cov)**(-1/2) * np.exp(-1/2 * (x - mean).T @ np.linalg.inv(cov) @ (x - mean))\n",
    "    else:\n",
    "        return (2*torch.pi)**(-len(x)/2) * torch.linalg.det(cov)**(-1/2) * torch.exp(-1/2 * (x - mean).T @ torch.inverse(cov) @ (x - mean))\n",
    "\n",
    "def log_normal_pdf(x, mean, cov, bib='numpy'):\n",
    "    if bib == 'numpy':\n",
    "        return -len(x)/2*np.log(2*np.pi) - 1/2*(np.log(np.linalg.det(cov)) + (x - mean).T @ np.linalg.inv(cov) @ (x - mean))\n",
    "    else:\n",
    "        return -len(x)/2*torch.log(torch.tensor(2*torch.pi)) - 1/2*(torch.log(torch.linalg.det(cov)) + (x - mean).T @ torch.inverse(cov) @ (x - mean))\n",
    "\n",
    "def log_likelihood(mixture, X, bib='numpy'):\n",
    "    log_pdf = np.zeros((X.shape[0], len(mixture)))\n",
    "    for i in range(X.shape[0]):\n",
    "        for j in range(len(mixture)):\n",
    "            log_pdf[i, j] = np.log(mixture[j][0]) + log_normal_pdf(X[i], mixture[j][2], mixture[j][3], bib)\n",
    "            \n",
    "    return np.sum(logsumexp(log_pdf, axis=1))"
   ]
  },
  {
   "cell_type": "code",
   "execution_count": 78,
   "metadata": {},
   "outputs": [],
   "source": [
    "means = GMM_sklearn.means_\n",
    "weights = GMM_sklearn.weights_\n",
    "cov = GMM_sklearn.covariances_\n",
    "GMM_sklearn_list = [[weights[i], 1, means[i], cov[i]] for i in range(len(weights))]"
   ]
  },
  {
   "cell_type": "code",
   "execution_count": 80,
   "metadata": {},
   "outputs": [
    {
     "data": {
      "text/plain": [
       "-3048.4572248601307"
      ]
     },
     "execution_count": 80,
     "metadata": {},
     "output_type": "execute_result"
    }
   ],
   "source": [
    "ll_sklearn = log_likelihood(GMM_sklearn_list, X_test_target)\n",
    "ll_sklearn"
   ]
  },
  {
   "cell_type": "code",
   "execution_count": 81,
   "metadata": {},
   "outputs": [],
   "source": [
    "range_data = np.mean(np.max(X_train_target, axis=0) - np.min(X_train_target, axis=0))\n",
    "\n",
    "K_max = 26\n",
    "cov_init, T_split = init_cov_and_T_split(K_max, range_data, X_train_target.shape[1])\n",
    "GMM_online = OGMM(X_train_target_t, K_max, cov_init, 0.1, T_split)"
   ]
  },
  {
   "cell_type": "code",
   "execution_count": 82,
   "metadata": {},
   "outputs": [
    {
     "data": {
      "text/plain": [
       "[[tensor(0.2712),\n",
       "  tensor(55.3246),\n",
       "  tensor([0.0232, 0.0283, 0.0169, 0.0282, 0.0130, 0.1923, 0.0133, 0.1826, 0.0189,\n",
       "          0.2090, 0.0263, 0.0280, 0.0166, 0.1617], dtype=torch.float64),\n",
       "  tensor([[ 1.5242e-04, -3.6752e-06,  1.5866e-06,  9.3047e-08, -1.4057e-05,\n",
       "           -4.7022e-04, -1.8196e-05, -4.4084e-04, -5.4470e-05, -5.8307e-04,\n",
       "            9.0108e-05, -1.1754e-05, -1.8171e-05, -4.3822e-04],\n",
       "          [-3.6752e-06,  2.4137e-06,  1.2632e-07, -3.3316e-07,  6.8625e-07,\n",
       "            3.3961e-05,  1.0787e-06,  3.2836e-05,  3.5717e-06,  3.9173e-05,\n",
       "           -4.3723e-07,  6.7066e-07, -1.5462e-06,  3.2068e-05],\n",
       "          [ 1.5866e-06,  1.2632e-07,  2.7999e-05,  5.4704e-08,  1.4058e-06,\n",
       "            1.1546e-04,  4.6032e-06,  1.0731e-04, -1.0493e-05,  1.6589e-04,\n",
       "           -4.2179e-06, -4.4356e-07,  1.3497e-05,  9.7715e-05],\n",
       "          [ 9.3047e-08, -3.3316e-07,  5.4704e-08,  1.4355e-06, -2.6144e-08,\n",
       "           -5.5352e-06,  5.0659e-07, -5.8282e-06, -1.3874e-06, -8.1039e-06,\n",
       "            2.9794e-07, -9.4208e-08, -5.4002e-07, -4.6757e-06],\n",
       "          [-1.4057e-05,  6.8625e-07,  1.4058e-06, -2.6144e-08,  1.3794e-05,\n",
       "            5.4054e-05,  1.2363e-05,  5.6439e-05,  2.9017e-05,  8.0045e-05,\n",
       "           -1.5829e-05,  8.1016e-07,  1.5566e-05,  5.7046e-05],\n",
       "          [-4.7022e-04,  3.3961e-05,  1.1546e-04, -5.5352e-06,  5.4054e-05,\n",
       "            5.6845e-03,  1.0769e-04,  5.3720e-03,  1.2935e-04,  7.2212e-03,\n",
       "           -5.3419e-04,  4.5916e-05,  1.7875e-04,  5.0512e-03],\n",
       "          [-1.8196e-05,  1.0787e-06,  4.6032e-06,  5.0659e-07,  1.2363e-05,\n",
       "            1.0769e-04,  2.2699e-05,  9.7829e-05,  2.3604e-05,  1.4333e-04,\n",
       "           -1.9042e-05,  1.3737e-06,  1.2411e-05,  1.0236e-04],\n",
       "          [-4.4084e-04,  3.2836e-05,  1.0731e-04, -5.8282e-06,  5.6439e-05,\n",
       "            5.3720e-03,  9.7829e-05,  5.0997e-03,  1.3006e-04,  6.8785e-03,\n",
       "           -4.9851e-04,  4.2184e-05,  1.9008e-04,  4.7917e-03],\n",
       "          [-5.4470e-05,  3.5717e-06, -1.0493e-05, -1.3874e-06,  2.9017e-05,\n",
       "            1.2935e-04,  2.3604e-05,  1.3006e-04,  1.2689e-04,  1.2349e-04,\n",
       "           -4.2174e-05,  7.9139e-06,  6.7374e-06,  1.4074e-04],\n",
       "          [-5.8307e-04,  3.9173e-05,  1.6589e-04, -8.1039e-06,  8.0045e-05,\n",
       "            7.2212e-03,  1.4333e-04,  6.8785e-03,  1.2349e-04,  9.5483e-03,\n",
       "           -6.5004e-04,  4.7007e-05,  3.3935e-04,  6.4647e-03],\n",
       "          [ 9.0108e-05, -4.3723e-07, -4.2179e-06,  2.9794e-07, -1.5829e-05,\n",
       "           -5.3419e-04, -1.9042e-05, -4.9851e-04, -4.2174e-05, -6.5004e-04,\n",
       "            1.6989e-04, -1.1236e-05, -1.5678e-05, -4.8646e-04],\n",
       "          [-1.1754e-05,  6.7066e-07, -4.4356e-07, -9.4208e-08,  8.1016e-07,\n",
       "            4.5916e-05,  1.3737e-06,  4.2184e-05,  7.9139e-06,  4.7007e-05,\n",
       "           -1.1236e-05,  2.6107e-06, -2.1788e-06,  4.2196e-05],\n",
       "          [-1.8171e-05, -1.5462e-06,  1.3497e-05, -5.4002e-07,  1.5566e-05,\n",
       "            1.7875e-04,  1.2411e-05,  1.9008e-04,  6.7374e-06,  3.3935e-04,\n",
       "           -1.5678e-05, -2.1788e-06,  7.4735e-05,  1.6551e-04],\n",
       "          [-4.3822e-04,  3.2068e-05,  9.7715e-05, -4.6757e-06,  5.7046e-05,\n",
       "            5.0512e-03,  1.0236e-04,  4.7917e-03,  1.4074e-04,  6.4647e-03,\n",
       "           -4.8646e-04,  4.2196e-05,  1.6551e-04,  4.5251e-03]],\n",
       "         dtype=torch.float64)],\n",
       " [tensor(1.7385e-10),\n",
       "  tensor(1.0197),\n",
       "  tensor([0.5050, 0.0832, 0.0234, 0.0291, 0.0261, 0.2432, 0.0200, 0.2334, 0.0462,\n",
       "          0.2706, 0.0235, 0.0259, 0.0209, 0.2164], dtype=torch.float64),\n",
       "  tensor([[ 8.1259e-03, -2.0033e-04,  9.6300e-06, -8.8383e-07, -4.4092e-05,\n",
       "            1.8908e-04, -2.1638e-05,  1.7707e-04, -1.1830e-04,  3.0929e-04,\n",
       "           -3.1042e-05,  7.9427e-06, -2.5176e-05,  1.6142e-04],\n",
       "          [-2.0033e-04,  7.4215e-03, -2.4889e-06,  2.2952e-07,  1.2064e-05,\n",
       "           -4.7242e-05,  5.9555e-06, -4.4118e-05,  3.2207e-05, -7.9018e-05,\n",
       "            8.4278e-06, -2.1801e-06,  6.9196e-06, -4.0048e-05],\n",
       "          [ 9.6300e-06, -2.4889e-06,  7.3682e-03, -1.4191e-08, -5.1414e-07,\n",
       "            3.2792e-06, -2.3607e-07,  3.0595e-06, -1.3880e-06,  4.9598e-06,\n",
       "           -3.9521e-07,  9.2754e-08, -2.7613e-07,  2.8401e-06],\n",
       "          [-8.8383e-07,  2.2952e-07, -1.4191e-08,  7.3680e-03,  4.8094e-08,\n",
       "           -2.8798e-07,  2.2332e-08, -2.6864e-07,  1.2961e-07, -4.4035e-07,\n",
       "            3.6476e-08, -8.6877e-09,  2.6095e-08, -2.4882e-07],\n",
       "          [-4.4092e-05,  1.2064e-05, -5.1414e-07,  4.8094e-08,  7.3710e-03,\n",
       "           -8.6756e-06,  1.4628e-06, -8.0147e-06,  7.6956e-06, -1.5685e-05,\n",
       "            2.0019e-06, -5.3218e-07,  1.6935e-06, -7.1618e-06],\n",
       "          [ 1.8908e-04, -4.7242e-05,  3.2792e-06, -2.8798e-07, -8.6756e-06,\n",
       "            7.4408e-03, -3.8409e-06,  6.8432e-05, -2.4023e-05,  1.0551e-04,\n",
       "           -6.9384e-06,  1.5399e-06, -4.5306e-06,  6.3912e-05],\n",
       "          [-2.1638e-05,  5.9555e-06, -2.3607e-07,  2.2332e-08,  1.4628e-06,\n",
       "           -3.8409e-06,  7.3688e-03, -3.5440e-06,  3.8473e-06, -7.2211e-06,\n",
       "            9.8829e-07, -2.6657e-07,  8.5547e-07, -3.1354e-06],\n",
       "          [ 1.7707e-04, -4.4118e-05,  3.0595e-06, -2.6864e-07, -8.0147e-06,\n",
       "            6.8432e-05, -3.5440e-06,  7.4324e-03, -2.2254e-05,  9.8928e-05,\n",
       "           -6.4158e-06,  1.4197e-06, -4.1835e-06,  6.0137e-05],\n",
       "          [-1.1830e-04,  3.2207e-05, -1.3880e-06,  1.2961e-07,  7.6956e-06,\n",
       "           -2.4023e-05,  3.8473e-06, -2.2254e-05,  7.3884e-03, -4.2774e-05,\n",
       "            5.2853e-06, -1.3997e-06,  4.4571e-06, -1.9947e-05],\n",
       "          [ 3.0929e-04, -7.9018e-05,  4.9598e-06, -4.4035e-07, -1.5685e-05,\n",
       "            1.0551e-04, -7.2211e-06,  9.8928e-05, -4.2774e-05,  7.5261e-03,\n",
       "           -1.1998e-05,  2.8072e-06, -8.4649e-06,  9.1865e-05],\n",
       "          [-3.1042e-05,  8.4278e-06, -3.9521e-07,  3.6476e-08,  2.0019e-06,\n",
       "           -6.9384e-06,  9.8829e-07, -6.4158e-06,  5.2853e-06, -1.1998e-05,\n",
       "            7.3694e-03, -3.6470e-07,  1.1456e-06, -5.7959e-06],\n",
       "          [ 7.9427e-06, -2.1801e-06,  9.2754e-08, -8.6877e-09, -5.3218e-07,\n",
       "            1.5399e-06, -2.6657e-07,  1.4197e-06, -1.3997e-06,  2.8072e-06,\n",
       "           -3.6470e-07,  7.3681e-03, -3.0851e-07,  1.2667e-06],\n",
       "          [-2.5176e-05,  6.9196e-06, -2.7613e-07,  2.6095e-08,  1.6935e-06,\n",
       "           -4.5306e-06,  8.5547e-07, -4.1835e-06,  4.4571e-06, -8.4649e-06,\n",
       "            1.1456e-06, -3.0851e-07,  7.3690e-03, -3.7066e-06],\n",
       "          [ 1.6142e-04, -4.0048e-05,  2.8401e-06, -2.4882e-07, -7.1618e-06,\n",
       "            6.3912e-05, -3.1354e-06,  6.0137e-05, -1.9947e-05,  9.1865e-05,\n",
       "           -5.7959e-06,  1.2667e-06, -3.7066e-06,  7.4243e-03]],\n",
       "         dtype=torch.float64)],\n",
       " [tensor(1.0235e-09),\n",
       "  tensor(1.7520),\n",
       "  tensor([0.0261, 0.0292, 0.6988, 0.0302, 0.0177, 0.2202, 0.0175, 0.2069, 0.0183,\n",
       "          0.2557, 0.0175, 0.0278, 0.0172, 0.1865], dtype=torch.float64),\n",
       "  tensor([[ 4.1763e-03, -1.9509e-06,  5.0568e-05, -1.7454e-06,  2.4541e-06,\n",
       "           -1.9146e-05,  2.8049e-06, -2.7802e-05,  1.9583e-06, -6.0555e-05,\n",
       "            8.8061e-06, -3.9410e-07,  2.9509e-06, -3.5541e-05],\n",
       "          [-1.9509e-06,  4.1485e-03,  9.6837e-07, -7.7178e-08, -1.4542e-06,\n",
       "            1.1810e-05, -1.4352e-06,  1.3402e-05, -1.4887e-06,  2.5529e-05,\n",
       "           -1.8903e-06, -2.5031e-07, -1.4380e-06,  1.4714e-05],\n",
       "          [ 5.0568e-05,  9.6837e-07,  4.5148e-03, -1.4105e-05,  2.2917e-05,\n",
       "            2.7630e-04,  2.3907e-05,  2.3531e-04,  2.1635e-05,  2.9120e-04,\n",
       "           -5.8694e-06, -1.0961e-05,  2.1969e-05,  1.9520e-04],\n",
       "          [-1.7454e-06, -7.7178e-08, -1.4105e-05,  4.1483e-03, -8.3306e-07,\n",
       "           -1.1386e-05, -8.7086e-07, -9.8940e-06, -7.8559e-07, -1.2741e-05,\n",
       "            3.5121e-07,  4.3467e-07, -7.9349e-07, -8.4180e-06],\n",
       "          [ 2.4541e-06, -1.4542e-06,  2.2917e-05, -8.3306e-07,  4.1537e-03,\n",
       "            3.9288e-06,  6.0670e-06, -2.1495e-06,  5.8326e-06, -1.8614e-05,\n",
       "            1.7586e-06, -4.2742e-07,  5.8972e-06, -7.6190e-06],\n",
       "          [-1.9146e-05,  1.1810e-05,  2.7630e-04, -1.1386e-05,  3.9288e-06,\n",
       "            4.5713e-03,  3.9298e-06,  4.1462e-04,  4.3342e-06,  6.4872e-04,\n",
       "           -3.9877e-05, -1.2431e-05,  1.3838e-06,  4.0190e-04],\n",
       "          [ 2.8049e-06, -1.4352e-06,  2.3907e-05, -8.7086e-07,  6.0670e-06,\n",
       "            3.9298e-06,  4.1540e-03, -2.1571e-06,  5.7705e-06, -1.8521e-05,\n",
       "            1.7749e-06, -4.5231e-07,  6.1165e-06, -7.6125e-06],\n",
       "          [-2.7802e-05,  1.3402e-05,  2.3531e-04, -9.8940e-06, -2.1495e-06,\n",
       "            4.1462e-04, -2.1571e-06,  4.5620e-03, -1.7722e-06,  6.6787e-04,\n",
       "           -4.2962e-05, -1.1652e-05, -4.4243e-06,  4.0928e-04],\n",
       "          [ 1.9583e-06, -1.4887e-06,  2.1635e-05, -7.8559e-07,  5.8326e-06,\n",
       "            4.3342e-06,  5.7705e-06, -1.7722e-06,  4.1537e-03, -1.8276e-05,\n",
       "            1.7279e-06, -3.9705e-07,  5.5089e-06, -7.3145e-06],\n",
       "          [-6.0555e-05,  2.5529e-05,  2.9120e-04, -1.2741e-05, -1.8614e-05,\n",
       "            6.4872e-04, -1.8521e-05,  6.6787e-04, -1.8276e-05,  5.2719e-03,\n",
       "           -7.5879e-05, -1.7113e-05, -2.1438e-05,  6.7804e-04],\n",
       "          [ 8.8061e-06, -1.8903e-06, -5.8694e-06,  3.5121e-07,  1.7586e-06,\n",
       "           -3.9877e-05,  1.7749e-06, -4.2962e-05,  1.7279e-06, -7.5879e-05,\n",
       "            4.1538e-03,  8.7552e-07,  1.9284e-06, -4.5345e-05],\n",
       "          [-3.9410e-07, -2.5031e-07, -1.0961e-05,  4.3467e-07, -4.2742e-07,\n",
       "           -1.2431e-05, -4.5231e-07, -1.1652e-05, -3.9705e-07, -1.7113e-05,\n",
       "            8.7552e-07,  4.1482e-03, -3.7964e-07, -1.0815e-05],\n",
       "          [ 2.9509e-06, -1.4380e-06,  2.1969e-05, -7.9349e-07,  5.8972e-06,\n",
       "            1.3838e-06,  6.1165e-06, -4.4243e-06,  5.5089e-06, -2.1438e-05,\n",
       "            1.9284e-06, -3.7964e-07,  4.1538e-03, -9.5874e-06],\n",
       "          [-3.5541e-05,  1.4714e-05,  1.9520e-04, -8.4180e-06, -7.6190e-06,\n",
       "            4.0190e-04, -7.6125e-06,  4.0928e-04, -7.3145e-06,  6.7804e-04,\n",
       "           -4.5345e-05, -1.0815e-05, -9.5874e-06,  4.5593e-03]],\n",
       "         dtype=torch.float64)],\n",
       " [tensor(3.5783e-07),\n",
       "  tensor(2.2504),\n",
       "  tensor([0.4139, 0.0817, 0.0192, 0.0287, 0.0211, 0.0774, 0.0123, 0.0767, 0.0271,\n",
       "          0.0874, 0.0187, 0.0281, 0.0128, 0.0707], dtype=torch.float64),\n",
       "  tensor([[ 4.2441e-03, -1.3601e-04, -1.3499e-04,  9.9860e-06,  2.8248e-04,\n",
       "           -8.9243e-04,  4.5631e-05, -8.7756e-04, -1.4378e-04, -1.4573e-03,\n",
       "           -1.7262e-05,  2.0755e-05,  2.4983e-05, -7.8658e-04],\n",
       "          [-1.3601e-04,  3.0749e-03,  1.4886e-05, -3.2938e-08, -4.5781e-05,\n",
       "            1.4018e-04, -7.3547e-06,  1.2922e-04,  1.6702e-06,  2.0746e-04,\n",
       "           -1.5863e-07, -1.6716e-06, -6.0389e-06,  1.0840e-04],\n",
       "          [-1.3499e-04,  1.4886e-05,  3.0731e-03, -1.4229e-06, -4.3308e-05,\n",
       "            1.4635e-04, -9.3341e-07,  1.4107e-04,  1.7785e-05,  2.3413e-04,\n",
       "            8.3009e-07, -2.7642e-06,  2.7858e-06,  1.2490e-04],\n",
       "          [ 9.9860e-06, -3.2938e-08, -1.4229e-06,  3.0504e-03,  9.4063e-07,\n",
       "           -4.0696e-06,  3.2881e-08, -5.1162e-06, -3.3459e-06, -9.1745e-06,\n",
       "           -3.9422e-07,  3.0200e-07, -3.2567e-07, -5.6072e-06],\n",
       "          [ 2.8248e-04, -4.5781e-05, -4.3308e-05,  9.4063e-07,  3.1573e-03,\n",
       "           -3.4531e-04,  7.7570e-06, -3.2106e-04, -1.2084e-05, -5.2177e-04,\n",
       "            1.0413e-06,  4.4128e-06,  2.4143e-06, -2.7302e-04],\n",
       "          [-8.9243e-04,  1.4018e-04,  1.4635e-04, -4.0696e-06, -3.4531e-04,\n",
       "            4.1781e-03, -1.8592e-05,  1.0520e-03,  4.8482e-05,  1.7130e-03,\n",
       "           -3.5421e-06, -1.4928e-05,  5.3766e-07,  8.9871e-04],\n",
       "          [ 4.5631e-05, -7.3547e-06, -9.3341e-07,  3.2881e-08,  7.7570e-06,\n",
       "           -1.8592e-05,  3.0549e-03, -1.8210e-05, -1.8440e-06, -2.8329e-05,\n",
       "           -9.0061e-07,  4.7854e-07,  4.8902e-06, -1.5716e-05],\n",
       "          [-8.7756e-04,  1.2922e-04,  1.4107e-04, -5.1162e-06, -3.2106e-04,\n",
       "            1.0520e-03, -1.8210e-05,  4.0386e-03,  6.2541e-05,  1.6142e-03,\n",
       "           -8.1295e-07, -1.5299e-05,  1.0791e-06,  8.5100e-04],\n",
       "          [-1.4378e-04,  1.6702e-06,  1.7785e-05, -3.3459e-06, -1.2084e-05,\n",
       "            4.8482e-05, -1.8440e-06,  6.2541e-05,  3.0940e-03,  1.1410e-04,\n",
       "            5.6435e-06, -3.8920e-06,  2.6029e-06,  6.9192e-05],\n",
       "          [-1.4573e-03,  2.0746e-04,  2.3413e-04, -9.1745e-06, -5.2177e-04,\n",
       "            1.7130e-03, -2.8329e-05,  1.6142e-03,  1.1410e-04,  5.6925e-03,\n",
       "            1.7578e-07, -2.5758e-05,  4.3800e-06,  1.3942e-03],\n",
       "          [-1.7262e-05, -1.5863e-07,  8.3009e-07, -3.9422e-07,  1.0413e-06,\n",
       "           -3.5421e-06, -9.0061e-07, -8.1295e-07,  5.6435e-06,  1.7578e-07,\n",
       "            3.0512e-03, -4.2855e-07, -5.6378e-07,  1.4200e-06],\n",
       "          [ 2.0755e-05, -1.6716e-06, -2.7642e-06,  3.0200e-07,  4.4128e-06,\n",
       "           -1.4928e-05,  4.7854e-07, -1.5299e-05, -3.8920e-06, -2.5758e-05,\n",
       "           -4.2855e-07,  3.0506e-03, -3.7072e-08, -1.4305e-05],\n",
       "          [ 2.4983e-05, -6.0389e-06,  2.7858e-06, -3.2567e-07,  2.4143e-06,\n",
       "            5.3766e-07,  4.8902e-06,  1.0791e-06,  2.6029e-06,  4.3800e-06,\n",
       "           -5.6378e-07, -3.7072e-08,  3.0559e-03,  2.1618e-06],\n",
       "          [-7.8658e-04,  1.0840e-04,  1.2490e-04, -5.6072e-06, -2.7302e-04,\n",
       "            8.9871e-04, -1.5716e-05,  8.5100e-04,  6.9192e-05,  1.3942e-03,\n",
       "            1.4200e-06, -1.4305e-05,  2.1618e-06,  3.7889e-03]],\n",
       "         dtype=torch.float64)],\n",
       " [tensor(0.0164),\n",
       "  tensor(7.5568),\n",
       "  tensor([0.4722, 0.0866, 0.0170, 0.0283, 0.0179, 0.1301, 0.0149, 0.1236, 0.0252,\n",
       "          0.1435, 0.0202, 0.0278, 0.0161, 0.1119], dtype=torch.float64),\n",
       "  tensor([[ 2.3298e-02, -5.3639e-03,  4.1249e-04, -1.0097e-05,  1.1736e-03,\n",
       "           -3.8271e-03,  1.0127e-03, -3.3465e-03,  6.6524e-04, -4.9183e-03,\n",
       "           -2.7378e-04,  7.9134e-05,  1.1502e-03, -2.9506e-03],\n",
       "          [-5.3639e-03,  1.9595e-03, -8.7142e-05, -5.6126e-06, -2.4771e-04,\n",
       "            1.0328e-03, -2.2205e-04,  9.1165e-04, -6.2618e-05,  1.4021e-03,\n",
       "            4.3285e-05, -1.3099e-05, -2.5271e-04,  8.1836e-04],\n",
       "          [ 4.1249e-04, -8.7142e-05,  5.6497e-04, -9.7608e-07,  5.6076e-05,\n",
       "           -1.1046e-04,  5.6475e-05, -1.0572e-04,  5.8194e-06, -1.3185e-04,\n",
       "           -2.1966e-05,  4.1567e-06,  6.1360e-05, -8.9160e-05],\n",
       "          [-1.0097e-05, -5.6126e-06, -9.7608e-07,  5.4315e-04, -2.5307e-06,\n",
       "           -6.0648e-06, -2.4831e-06, -4.8126e-06, -2.9993e-06, -1.2117e-05,\n",
       "            1.8550e-06, -4.2447e-07, -2.6948e-06, -5.8907e-06],\n",
       "          [ 1.1736e-03, -2.4771e-04,  5.6076e-05, -2.5307e-06,  7.3644e-04,\n",
       "           -5.2554e-04,  1.7186e-04, -4.9730e-04,  1.0679e-04, -6.1938e-04,\n",
       "           -4.1184e-05,  1.2321e-05,  1.9319e-04, -4.2862e-04],\n",
       "          [-3.8271e-03,  1.0328e-03, -1.1046e-04, -6.0648e-06, -5.2554e-04,\n",
       "            3.6730e-03, -4.0791e-04,  2.9147e-03, -4.8423e-04,  4.0996e-03,\n",
       "            2.6650e-05, -1.9131e-05, -4.7955e-04,  2.6303e-03],\n",
       "          [ 1.0127e-03, -2.2205e-04,  5.6475e-05, -2.4831e-06,  1.7186e-04,\n",
       "           -4.0791e-04,  7.1435e-04, -3.9109e-04,  1.8136e-05, -4.8187e-04,\n",
       "           -4.7788e-05,  1.1671e-05,  1.8868e-04, -3.3020e-04],\n",
       "          [-3.3465e-03,  9.1165e-04, -1.0572e-04, -4.8126e-06, -4.9730e-04,\n",
       "            2.9147e-03, -3.9109e-04,  3.2680e-03, -4.4910e-04,  3.8159e-03,\n",
       "            3.3293e-05, -1.8185e-05, -4.5921e-04,  2.4575e-03],\n",
       "          [ 6.6524e-04, -6.2618e-05,  5.8194e-06, -2.9993e-06,  1.0679e-04,\n",
       "           -4.8423e-04,  1.8136e-05, -4.4910e-04,  9.9600e-04, -5.5088e-04,\n",
       "            2.7615e-05,  3.4812e-06,  4.4351e-05, -4.1336e-04],\n",
       "          [-4.9183e-03,  1.4021e-03, -1.3185e-04, -1.2117e-05, -6.1938e-04,\n",
       "            4.0996e-03, -4.8187e-04,  3.8159e-03, -5.5088e-04,  6.0646e-03,\n",
       "            5.0122e-05, -1.7230e-05, -5.6754e-04,  3.4730e-03],\n",
       "          [-2.7378e-04,  4.3285e-05, -2.1966e-05,  1.8550e-06, -4.1184e-05,\n",
       "            2.6650e-05, -4.7788e-05,  3.3293e-05,  2.7615e-05,  5.0122e-05,\n",
       "            5.8909e-04, -3.7334e-06, -4.8992e-05,  3.1242e-05],\n",
       "          [ 7.9134e-05, -1.3099e-05,  4.1567e-06, -4.2447e-07,  1.2321e-05,\n",
       "           -1.9131e-05,  1.1671e-05, -1.8185e-05,  3.4812e-06, -1.7230e-05,\n",
       "           -3.7334e-06,  5.4362e-04,  1.2711e-05, -1.4228e-05],\n",
       "          [ 1.1502e-03, -2.5271e-04,  6.1360e-05, -2.6948e-06,  1.9319e-04,\n",
       "           -4.7955e-04,  1.8868e-04, -4.5921e-04,  4.4351e-05, -5.6754e-04,\n",
       "           -4.8992e-05,  1.2711e-05,  7.5132e-04, -3.8995e-04],\n",
       "          [-2.9506e-03,  8.1836e-04, -8.9160e-05, -5.8907e-06, -4.2862e-04,\n",
       "            2.6303e-03, -3.3020e-04,  2.4575e-03, -4.1336e-04,  3.4730e-03,\n",
       "            3.1242e-05, -1.4228e-05, -3.8995e-04,  2.7714e-03]],\n",
       "         dtype=torch.float64)],\n",
       " [tensor(5.3326e-09),\n",
       "  tensor(1.4118),\n",
       "  tensor([0.0147, 0.0317, 0.0311, 0.0274, 0.5366, 0.0331, 0.0151, 0.2500, 0.0156,\n",
       "          0.3161, 0.0245, 0.0300, 0.0150, 0.2299], dtype=torch.float64),\n",
       "  tensor([[ 5.2809e-03, -8.6592e-06, -3.3146e-05,  2.0204e-06, -1.1200e-05,\n",
       "            2.8113e-06, -4.4119e-06, -2.3247e-05, -4.7822e-06, -6.3425e-05,\n",
       "            1.7017e-06, -5.0425e-06, -4.1383e-06, -4.1437e-05],\n",
       "          [-8.6592e-06,  5.2620e-03,  1.3115e-05, -7.4888e-07,  3.7030e-06,\n",
       "           -9.5507e-07,  1.0070e-06,  8.6699e-06,  1.1159e-06,  2.4019e-05,\n",
       "           -8.3990e-07,  1.8833e-06,  9.3654e-07,  1.5668e-05],\n",
       "          [-3.3146e-05,  1.3115e-05,  5.3096e-03, -2.7455e-06,  1.2503e-05,\n",
       "           -3.2409e-06,  1.9796e-06,  3.2870e-05,  2.3001e-06,  9.1303e-05,\n",
       "           -3.5528e-06,  6.9735e-06,  1.7957e-06,  5.9505e-05],\n",
       "          [ 2.0204e-06, -7.4888e-07, -2.7455e-06,  5.2589e-03, -1.8879e-06,\n",
       "            4.3669e-07, -1.3389e-06, -2.6542e-06, -1.4193e-06, -6.7149e-06,\n",
       "           -8.7427e-08, -5.6201e-07, -1.2657e-06, -4.4190e-06],\n",
       "          [-1.1200e-05,  3.7030e-06,  1.2503e-05, -1.8879e-06,  5.2822e-03,\n",
       "           -4.8536e-06,  2.1203e-05,  2.6019e-05,  2.2319e-05,  5.6812e-05,\n",
       "            4.6739e-06,  4.5134e-06,  2.0042e-05,  3.7786e-05],\n",
       "          [ 2.8113e-06, -9.5507e-07, -3.2409e-06,  4.3669e-07, -4.8536e-06,\n",
       "            5.2597e-03, -4.2355e-06, -5.3246e-06, -4.4647e-06, -1.2192e-05,\n",
       "           -7.8266e-07, -1.0345e-06, -4.0079e-06, -8.0914e-06],\n",
       "          [-4.4119e-06,  1.0070e-06,  1.9796e-06, -1.3389e-06,  2.1203e-05,\n",
       "           -4.2355e-06,  5.2796e-03,  1.9368e-05,  2.2077e-05,  3.8257e-05,\n",
       "            5.4484e-06,  3.1119e-06,  1.9880e-05,  2.5702e-05],\n",
       "          [-2.3247e-05,  8.6699e-06,  3.2870e-05, -2.6542e-06,  2.6019e-05,\n",
       "           -5.3246e-06,  1.9368e-05,  5.2984e-03,  2.0497e-05,  9.2830e-05,\n",
       "            3.3348e-06,  6.6540e-06,  1.8218e-05,  6.1214e-05],\n",
       "          [-4.7822e-06,  1.1159e-06,  2.3001e-06, -1.4193e-06,  2.2319e-05,\n",
       "           -4.4647e-06,  2.2077e-05,  2.0497e-05,  5.2818e-03,  4.0595e-05,\n",
       "            5.7038e-06,  3.3011e-06,  2.0883e-05,  2.7264e-05],\n",
       "          [-6.3425e-05,  2.4019e-05,  9.1303e-05, -6.7149e-06,  5.6812e-05,\n",
       "           -1.2192e-05,  3.8257e-05,  9.2830e-05,  4.0595e-05,  5.4850e-03,\n",
       "            3.9732e-06,  1.6796e-05,  3.5980e-05,  1.4889e-04],\n",
       "          [ 1.7017e-06, -8.3990e-07, -3.5528e-06, -8.7427e-08,  4.6739e-06,\n",
       "           -7.8266e-07,  5.4484e-06,  3.3348e-06,  5.7038e-06,  3.9732e-06,\n",
       "            5.2606e-03,  1.8959e-07,  5.1461e-06,  2.8083e-06],\n",
       "          [-5.0425e-06,  1.8833e-06,  6.9735e-06, -5.6201e-07,  4.5134e-06,\n",
       "           -1.0345e-06,  3.1119e-06,  6.6540e-06,  3.3011e-06,  1.6796e-05,\n",
       "            1.8959e-07,  5.2600e-03,  2.9388e-06,  1.1047e-05],\n",
       "          [-4.1383e-06,  9.3654e-07,  1.7957e-06, -1.2657e-06,  2.0042e-05,\n",
       "           -4.0079e-06,  1.9880e-05,  1.8218e-05,  2.0883e-05,  3.5980e-05,\n",
       "            5.1461e-06,  2.9388e-06,  5.2774e-03,  2.4175e-05],\n",
       "          [-4.1437e-05,  1.5668e-05,  5.9505e-05, -4.4190e-06,  3.7786e-05,\n",
       "           -8.0914e-06,  2.5702e-05,  6.1214e-05,  2.7264e-05,  1.4889e-04,\n",
       "            2.8083e-06,  1.1047e-05,  2.4175e-05,  5.3566e-03]],\n",
       "         dtype=torch.float64)],\n",
       " [tensor(0.0733),\n",
       "  tensor(23.2135),\n",
       "  tensor([0.0230, 0.0279, 0.5570, 0.0623, 0.0149, 0.1836, 0.0145, 0.1740, 0.0159,\n",
       "          0.2065, 0.0202, 0.0284, 0.0145, 0.1582], dtype=torch.float64),\n",
       "  tensor([[ 1.3226e-04, -6.3989e-06, -5.4971e-04,  2.0415e-04, -1.7855e-05,\n",
       "           -2.0208e-04, -1.7080e-05, -1.8940e-04, -1.7780e-05, -2.6345e-04,\n",
       "            1.7725e-06, -4.8893e-06, -1.6287e-05, -1.7146e-04],\n",
       "          [-6.3989e-06,  3.4234e-05,  5.7293e-05, -1.3346e-05, -1.9151e-07,\n",
       "           -1.0309e-05, -4.5763e-07, -9.2101e-06,  1.8552e-07, -6.2858e-06,\n",
       "           -3.6038e-07,  4.0250e-07, -4.1856e-07, -7.4353e-06],\n",
       "          [-5.4971e-04,  5.7293e-05,  2.8760e-02, -6.0607e-03,  4.4640e-04,\n",
       "            9.0494e-03,  4.4538e-04,  8.6767e-03,  4.3821e-04,  1.1071e-02,\n",
       "           -3.0195e-04,  4.8095e-05,  4.2241e-04,  8.0129e-03],\n",
       "          [ 2.0415e-04, -1.3346e-05, -6.0607e-03,  1.5084e-03, -1.0568e-04,\n",
       "           -2.1406e-03, -1.0810e-04, -2.0442e-03, -1.0328e-04, -2.6076e-03,\n",
       "            8.1925e-05, -1.6252e-05, -1.0234e-04, -1.8705e-03],\n",
       "          [-1.7855e-05, -1.9151e-07,  4.4640e-04, -1.0568e-04,  4.7346e-05,\n",
       "            2.0624e-04,  1.4889e-05,  1.9413e-04,  1.3632e-05,  2.3837e-04,\n",
       "           -2.2330e-06,  8.6211e-07,  1.4166e-05,  1.7457e-04],\n",
       "          [-2.0208e-04, -1.0309e-05,  9.0494e-03, -2.1406e-03,  2.0624e-04,\n",
       "            5.8939e-03,  2.3585e-04,  5.5488e-03,  1.4635e-04,  7.0137e-03,\n",
       "            2.1990e-05,  7.2737e-06,  2.1796e-04,  5.0393e-03],\n",
       "          [-1.7080e-05, -4.5763e-07,  4.4538e-04, -1.0810e-04,  1.4889e-05,\n",
       "            2.3585e-04,  4.8499e-05,  2.2181e-04,  1.3301e-05,  2.7276e-04,\n",
       "           -3.5696e-06,  1.2368e-06,  1.5144e-05,  1.9923e-04],\n",
       "          [-1.8940e-04, -9.2101e-06,  8.6767e-03, -2.0442e-03,  1.9413e-04,\n",
       "            5.5488e-03,  2.2181e-04,  5.2894e-03,  1.3815e-04,  6.6587e-03,\n",
       "            2.1660e-05,  6.6254e-06,  2.0483e-04,  4.7794e-03],\n",
       "          [-1.7780e-05,  1.8552e-07,  4.3821e-04, -1.0328e-04,  1.3632e-05,\n",
       "            1.4635e-04,  1.3301e-05,  1.3815e-04,  4.7144e-05,  1.7195e-04,\n",
       "           -5.6435e-06,  1.1342e-06,  1.2854e-05,  1.2405e-04],\n",
       "          [-2.6345e-04, -6.2858e-06,  1.1071e-02, -2.6076e-03,  2.3837e-04,\n",
       "            7.0137e-03,  2.7276e-04,  6.6587e-03,  1.7195e-04,  8.7556e-03,\n",
       "            4.7389e-05,  1.1118e-05,  2.5080e-04,  6.0872e-03],\n",
       "          [ 1.7725e-06, -3.6038e-07, -3.0195e-04,  8.1925e-05, -2.2330e-06,\n",
       "            2.1990e-05, -3.5696e-06,  2.1660e-05, -5.6435e-06,  4.7389e-05,\n",
       "            8.3346e-05, -6.1261e-06, -4.1527e-06,  2.4315e-05],\n",
       "          [-4.8893e-06,  4.0250e-07,  4.8095e-05, -1.6252e-05,  8.6211e-07,\n",
       "            7.2737e-06,  1.2368e-06,  6.6254e-06,  1.1342e-06,  1.1118e-05,\n",
       "           -6.1261e-06,  3.4275e-05,  1.2901e-06,  5.8710e-06],\n",
       "          [-1.6287e-05, -4.1856e-07,  4.2241e-04, -1.0234e-04,  1.4166e-05,\n",
       "            2.1796e-04,  1.5144e-05,  2.0483e-04,  1.2854e-05,  2.5080e-04,\n",
       "           -4.1527e-06,  1.2901e-06,  4.7132e-05,  1.8370e-04],\n",
       "          [-1.7146e-04, -7.4353e-06,  8.0129e-03, -1.8705e-03,  1.7457e-04,\n",
       "            5.0393e-03,  1.9923e-04,  4.7794e-03,  1.2405e-04,  6.0872e-03,\n",
       "            2.4315e-05,  5.8710e-06,  1.8370e-04,  4.3883e-03]],\n",
       "         dtype=torch.float64)],\n",
       " [tensor(8.8714e-09),\n",
       "  tensor(1.4662),\n",
       "  tensor([0.0219, 0.0285, 0.0183, 0.0286, 0.5232, 0.0368, 0.0078, 0.2485, 0.0077,\n",
       "          0.2787, 0.0299, 0.0276, 0.0082, 0.2200], dtype=torch.float64),\n",
       "  tensor([[ 5.0538e-03, -9.6196e-07, -2.8970e-06,  9.0878e-07, -1.2667e-05,\n",
       "            3.0899e-06, -1.0539e-05, -3.9260e-06, -1.1158e-05, -2.2579e-05,\n",
       "            6.5516e-07, -1.7889e-06, -9.9044e-06, -8.1587e-06],\n",
       "          [-9.6196e-07,  5.0515e-03,  1.6148e-06, -4.4415e-07,  6.5295e-06,\n",
       "           -1.7030e-06,  4.8129e-06, -1.9106e-07,  5.1252e-06,  1.1766e-05,\n",
       "           -1.4567e-06,  7.7558e-07,  4.4850e-06,  1.8516e-06],\n",
       "          [-2.8970e-06,  1.6148e-06,  5.0576e-03, -1.5656e-06,  2.4831e-05,\n",
       "           -6.3896e-06,  1.7589e-05, -1.1183e-06,  1.8752e-05,  4.7495e-05,\n",
       "           -6.2208e-06,  2.6499e-06,  1.6318e-05,  6.4553e-06],\n",
       "          [ 9.0878e-07, -4.4415e-07, -1.5656e-06,  5.0515e-03, -6.4406e-06,\n",
       "            1.7362e-06, -4.6380e-06,  9.6147e-07, -4.9455e-06, -1.1165e-05,\n",
       "            1.7408e-06, -7.6209e-07, -4.3192e-06, -1.0328e-06],\n",
       "          [-1.2667e-05,  6.5295e-06,  2.4831e-05, -6.4406e-06,  5.1486e-03,\n",
       "           -2.5506e-05,  6.9994e-05, -7.1371e-06,  7.4570e-05,  1.7913e-04,\n",
       "           -2.4450e-05,  1.0967e-05,  6.5078e-05,  2.2900e-05],\n",
       "          [ 3.0899e-06, -1.7030e-06, -6.3896e-06,  1.7362e-06, -2.5506e-05,\n",
       "            5.0580e-03, -1.7745e-05,  5.5038e-06, -1.8951e-05, -4.4974e-05,\n",
       "            7.8658e-06, -2.8372e-06, -1.6476e-05, -2.2498e-06],\n",
       "          [-1.0539e-05,  4.8129e-06,  1.7589e-05, -4.6380e-06,  6.9994e-05,\n",
       "           -1.7745e-05,  5.1035e-03,  4.5097e-06,  5.5762e-05,  1.3006e-04,\n",
       "           -1.3049e-05,  8.3009e-06,  4.8919e-05,  2.6540e-05],\n",
       "          [-3.9260e-06, -1.9106e-07, -1.1183e-06,  9.6147e-07, -7.1371e-06,\n",
       "            5.5038e-06,  4.5097e-06,  5.1062e-03,  4.2732e-06,  9.5580e-06,\n",
       "            2.4727e-05,  2.9889e-07,  4.6239e-06,  5.4805e-05],\n",
       "          [-1.1158e-05,  5.1252e-06,  1.8752e-05, -4.9455e-06,  7.4570e-05,\n",
       "           -1.8951e-05,  5.5762e-05,  4.2732e-06,  5.1103e-03,  1.3857e-04,\n",
       "           -1.4185e-05,  8.8283e-06,  5.1980e-05,  2.7719e-05],\n",
       "          [-2.2579e-05,  1.1766e-05,  4.7495e-05, -1.1165e-05,  1.7913e-04,\n",
       "           -4.4974e-05,  1.3006e-04,  9.5580e-06,  1.3857e-04,  5.4009e-03,\n",
       "           -3.7505e-05,  1.9529e-05,  1.2079e-04,  6.4825e-05],\n",
       "          [ 6.5516e-07, -1.4567e-06, -6.2208e-06,  1.7408e-06, -2.4450e-05,\n",
       "            7.8658e-06, -1.3049e-05,  2.4727e-05, -1.4185e-05, -3.7505e-05,\n",
       "            5.0672e-03, -2.0990e-06, -1.1891e-05,  1.8105e-05],\n",
       "          [-1.7889e-06,  7.7558e-07,  2.6499e-06, -7.6209e-07,  1.0967e-05,\n",
       "           -2.8372e-06,  8.3009e-06,  2.9889e-07,  8.8283e-06,  1.9529e-05,\n",
       "           -2.0990e-06,  5.0524e-03,  7.7523e-06,  3.7786e-06],\n",
       "          [-9.9044e-06,  4.4850e-06,  1.6318e-05, -4.3192e-06,  6.5078e-05,\n",
       "           -1.6476e-05,  4.8919e-05,  4.6239e-06,  5.1980e-05,  1.2079e-04,\n",
       "           -1.1891e-05,  7.7523e-06,  5.0966e-03,  2.5138e-05],\n",
       "          [-8.1587e-06,  1.8516e-06,  6.4553e-06, -1.0328e-06,  2.2900e-05,\n",
       "           -2.2498e-06,  2.6540e-05,  5.4805e-05,  2.7719e-05,  6.4825e-05,\n",
       "            1.8105e-05,  3.7786e-06,  2.5138e-05,  5.1149e-03]],\n",
       "         dtype=torch.float64)],\n",
       " [tensor(1.6281e-08),\n",
       "  tensor(1.3684),\n",
       "  tensor([0.0191, 0.0290, 0.0213, 0.0289, 0.0117, 0.2241, 0.0116, 0.2135, 0.0118,\n",
       "          0.2353, 0.7016, 0.0300, 0.0116, 0.1953], dtype=torch.float64),\n",
       "  tensor([[ 5.4734e-03, -4.4457e-06, -8.5167e-06, -2.2949e-06,  1.4016e-05,\n",
       "           -7.0298e-06,  1.3880e-05, -6.6092e-06,  1.5342e-05,  1.4735e-04,\n",
       "            4.3004e-06,  7.0774e-07,  1.3240e-05, -7.0632e-06],\n",
       "          [-4.4457e-06,  5.4435e-03,  2.3048e-06,  2.7512e-07, -2.5041e-06,\n",
       "            1.5766e-05, -2.4599e-06,  1.4300e-05, -2.7463e-06, -7.8336e-06,\n",
       "           -9.3078e-07, -4.3256e-08, -2.3384e-06,  1.2995e-05],\n",
       "          [-8.5167e-06,  2.3048e-06,  5.4488e-03,  3.6626e-07, -5.5700e-06,\n",
       "            5.2350e-05, -5.3296e-06,  4.7605e-05, -6.0319e-06,  6.0470e-06,\n",
       "           -2.1559e-06, -2.7798e-08, -5.0528e-06,  4.3243e-05],\n",
       "          [-2.2949e-06,  2.7512e-07,  3.6626e-07,  5.4427e-03, -9.4041e-07,\n",
       "           -2.1096e-06, -9.7556e-07, -1.9494e-06, -1.0569e-06, -1.3671e-05,\n",
       "           -2.9673e-07, -5.1760e-08, -9.3322e-07, -1.7388e-06],\n",
       "          [ 1.4016e-05, -2.5041e-06, -5.5700e-06, -9.4041e-07,  5.4496e-03,\n",
       "           -2.5875e-05,  6.9943e-06, -2.3560e-05,  7.7828e-06,  4.6108e-05,\n",
       "            2.4102e-06,  2.3820e-07,  6.6587e-06, -2.1699e-05],\n",
       "          [-7.0298e-06,  1.5766e-05,  5.2350e-05, -2.1096e-06, -2.5875e-05,\n",
       "            6.1321e-03, -2.4619e-05,  6.2404e-04, -2.8516e-05,  5.9118e-04,\n",
