{
 "cells": [
  {
   "cell_type": "code",
   "execution_count": 1,
   "id": "f9020938",
   "metadata": {},
   "outputs": [
    {
     "name": "stderr",
     "output_type": "stream",
     "text": [
      "C:\\Users\\SL276123\\AppData\\Local\\Packages\\PythonSoftwareFoundation.Python.3.11_qbz5n2kfra8p0\\LocalCache\\local-packages\\Python311\\site-packages\\ot\\backend.py:2998: UserWarning: To use TensorflowBackend, you need to activate the tensorflow numpy API. You can activate it by running: \n",
      "from tensorflow.python.ops.numpy_ops import np_config\n",
      "np_config.enable_numpy_behavior()\n",
      "  register_backend(TensorflowBackend())\n",
      "C:\\Users\\SL276123\\AppData\\Local\\Packages\\PythonSoftwareFoundation.Python.3.11_qbz5n2kfra8p0\\LocalCache\\local-packages\\Python311\\site-packages\\tqdm\\auto.py:21: TqdmWarning: IProgress not found. Please update jupyter and ipywidgets. See https://ipywidgets.readthedocs.io/en/stable/user_install.html\n",
      "  from .autonotebook import tqdm as notebook_tqdm\n"
     ]
    }
   ],
   "source": [
    "import sys\n",
    "\n",
    "import torch  # noqa: E402\n",
    "import random  # noqa: E402\n",
    "import numpy as np  # noqa: E402\n",
    "import pytorch_lightning as pl  # noqa: E402\n",
    "import matplotlib.pyplot as plt\n",
    "\n",
    "from pydil.utils.Online_GMM import Online_GMM\n",
    "\n",
    "from pydil.ipms.ot_ipms import (  # noqa: E402\n",
    "    JointWassersteinDistance\n",
    ")\n",
    "from pydil.dadil.labeled_dictionary import LabeledDictionary  # noqa: E402\n",
    "from pydil.dadil.labeled_dictionary_GMM import LabeledDictionaryGMM\n",
    "from pydil.ot_utils.barycenters import wasserstein_barycenter  # noqa: E402\n",
    "from pydil.torch_utils.measures import (  # noqa: E402\n",
    "    UnsupervisedDatasetMeasure,\n",
    "    SupervisedDatasetMeasure\n",
    ")\n",
    "\n",
    "from sklearn.svm import SVC\n",
    "from sklearn.ensemble import RandomForestClassifier\n",
    "from sklearn.manifold import TSNE\n",
    "from sklearn.metrics import accuracy_score\n",
    "from sklearn.model_selection import train_test_split\n",
    "\n",
    "import importlib"
   ]
  },
  {
   "cell_type": "code",
   "execution_count": 2,
   "id": "60c2950d",
   "metadata": {},
   "outputs": [],
   "source": [
    "dataset = np.load(r'C:\\Users\\SL276123\\Documents\\Online DaDiL\\CSTR\\data\\cstr_acfmeandata.npy')"
   ]
  },
  {
   "cell_type": "code",
   "execution_count": 3,
   "id": "c65e3d70",
   "metadata": {},
   "outputs": [
    {
     "data": {
      "text/plain": [
       "(2860, 18)"
      ]
     },
     "execution_count": 3,
     "metadata": {},
     "output_type": "execute_result"
    }
   ],
   "source": [
    "dataset.shape"
   ]
  },
  {
   "cell_type": "code",
   "execution_count": 4,
   "id": "9a32354f",
   "metadata": {},
   "outputs": [],
   "source": [
    "X = dataset[:, :-4]\n",
    "y = dataset[:, -4]\n",
    "d = dataset[:, -3]\n",
    "\n",
    "n_domains = int(np.max(d)) + 1\n",
    "n_features = X.shape[1]"
   ]
  },
  {
   "cell_type": "code",
   "execution_count": 5,
   "id": "943ffbe8",
   "metadata": {},
   "outputs": [
    {
     "data": {
      "text/plain": [
       "((2860, 14), (2860,), (2860,))"
      ]
     },
     "execution_count": 5,
     "metadata": {},
     "output_type": "execute_result"
    }
   ],
   "source": [
    "X.shape, y.shape, d.shape"
   ]
  },
  {
   "cell_type": "code",
   "execution_count": 6,
   "id": "72128283",
   "metadata": {},
   "outputs": [],
   "source": [
    "Xs, ys = [], []\n",
    "for i in range(n_domains-1):\n",
    "    Xs.append(torch.from_numpy(X[np.where(d == i)[0]]).float())\n",
    "    ys.append(torch.from_numpy(y[np.where(d == i)[0]]).float())"
   ]
  },
  {
   "cell_type": "code",
   "execution_count": 7,
   "id": "e679f4c3",
   "metadata": {},
   "outputs": [],
   "source": [
    "Xt = torch.from_numpy(X[np.where(d == n_domains-1)[0]]).float()\n",
    "yt = torch.from_numpy(y[np.where(d == n_domains-1)[0]]).float()"
   ]
  },
  {
   "cell_type": "code",
   "execution_count": 8,
   "id": "650326d3",
   "metadata": {},
   "outputs": [],
   "source": [
    "n_samples = 1300\n",
    "batch_size = 260\n",
    "n_components = 3"
   ]
  },
  {
   "cell_type": "code",
   "execution_count": 9,
   "metadata": {},
   "outputs": [],
   "source": [
    "X_train, X_test, y_train, y_test = train_test_split(X, y, test_size=0.2, random_state=0)\n",
    "X_train_t = torch.from_numpy(X_train)\n",
    "X_test_t = torch.from_numpy(X_test)\n",
    "X_train_target, X_test_target, y_train_target, y_test_target = train_test_split(X[np.where(d==6)[0], :], y[np.where(d==6)[0]], test_size=0.2, random_state=0)\n",
    "X_train_target_t = torch.from_numpy(X_train_target)\n",
    "X_test_target_t = torch.from_numpy(X_test_target)\n",
    "dim_reduction = 11"
   ]
  },
  {
   "cell_type": "code",
   "execution_count": 24,
   "metadata": {},
   "outputs": [
    {
     "data": {
      "text/plain": [
       "[[tensor(3.3076e-07),\n",
       "  tensor(4.7486),\n",
       "  tensor([ 1.9535e-01, -2.4070e-02, -2.1568e-04,  2.0118e-03,  1.0212e-03,\n",
       "           5.7483e-04, -1.0942e-03,  2.1409e-03,  1.8863e-04,  4.3244e-04,\n",
       "           4.4350e-05]),\n",
       "  tensor([[ 1.0363e-02, -2.0465e-03,  3.0178e-04, -2.2570e-04,  1.5520e-04,\n",
       "            1.0546e-04,  1.3714e-04, -4.4850e-05, -3.5797e-05,  5.0843e-05,\n",
       "           -3.3669e-05],\n",
       "          [-2.0465e-03,  3.7779e-03,  7.2081e-05,  2.7151e-05, -7.6212e-05,\n",
       "           -2.9857e-05,  1.2918e-05,  3.2539e-05,  1.6027e-06, -2.3054e-05,\n",
       "            1.2177e-05],\n",
       "          [ 3.0178e-04,  7.2081e-05,  2.7505e-03, -1.0640e-05, -1.5514e-05,\n",
       "            1.6009e-05,  3.2073e-05,  3.5697e-06, -6.0752e-06, -5.3350e-07,\n",
       "           -1.8459e-06],\n",
       "          [-2.2570e-04,  2.7151e-05, -1.0640e-05,  2.8007e-03, -5.3784e-05,\n",
       "            4.3414e-06,  1.7100e-05,  1.3776e-05,  5.1630e-06, -1.5243e-05,\n",
       "            5.0235e-06],\n",
       "          [ 1.5520e-04, -7.6212e-05, -1.5514e-05, -5.3784e-05,  2.7506e-03,\n",
       "           -2.6989e-05, -1.0918e-05, -1.1285e-05, -6.4270e-08,  2.4746e-06,\n",
       "           -8.8916e-07],\n",
       "          [ 1.0546e-04, -2.9857e-05,  1.6009e-05,  4.3414e-06, -2.6989e-05,\n",
       "            2.7112e-03,  1.3127e-05, -1.8556e-06, -4.5634e-06,  3.9337e-06,\n",
       "           -2.7624e-06],\n",
       "          [ 1.3714e-04,  1.2918e-05,  3.2073e-05,  1.7100e-05, -1.0918e-05,\n",
       "            1.3127e-05,  2.7184e-03, -2.4264e-06, -5.6512e-06, -4.5093e-06,\n",
       "           -1.1336e-06],\n",
       "          [-4.4850e-05,  3.2539e-05,  3.5697e-06,  1.3776e-05, -1.1285e-05,\n",
       "           -1.8556e-06, -2.4264e-06,  2.6912e-03,  2.5285e-06, -1.8805e-06,\n",
       "            1.3078e-06],\n",
       "          [-3.5797e-05,  1.6027e-06, -6.0752e-06,  5.1630e-06, -6.4270e-08,\n",
       "           -4.5634e-06, -5.6512e-06,  2.5285e-06,  2.6867e-03, -7.6910e-07,\n",
       "            8.6144e-07],\n",
       "          [ 5.0843e-05, -2.3054e-05, -5.3350e-07, -1.5243e-05,  2.4746e-06,\n",
       "            3.9337e-06, -4.5093e-06, -1.8805e-06, -7.6910e-07,  2.6884e-03,\n",
       "           -1.2005e-06],\n",
       "          [-3.3669e-05,  1.2177e-05, -1.8459e-06,  5.0235e-06, -8.8916e-07,\n",
       "           -2.7624e-06, -1.1336e-06,  1.3078e-06,  8.6144e-07, -1.2005e-06,\n",
       "            2.6853e-03]])],\n",
       " [tensor(0.0030),\n",
       "  tensor(23.0271),\n",
       "  tensor([-0.1985,  0.3351, -0.0106,  0.0594, -0.0374, -0.0477, -0.0053,  0.0005,\n",
       "           0.0181,  0.0255,  0.0011]),\n",
       "  tensor([[ 7.9344e-03, -4.0102e-03, -2.3592e-04, -1.4632e-03, -4.0228e-03,\n",
       "           -1.4691e-03,  1.3611e-04, -3.3601e-04, -3.2012e-04,  1.7098e-03,\n",
       "            2.7636e-04],\n",
       "          [-4.0102e-03,  1.2250e-02,  1.1413e-03,  4.8832e-03,  1.8992e-03,\n",
       "           -1.0407e-03, -3.1245e-04,  5.7969e-04,  1.1595e-03, -2.9319e-03,\n",
       "           -4.7787e-05],\n",
       "          [-2.3592e-04,  1.1413e-03,  8.5120e-04, -4.2638e-04,  4.1274e-04,\n",
       "            8.5185e-05,  3.6258e-05,  1.2598e-05, -1.1694e-05, -2.5392e-04,\n",
       "            6.2334e-06],\n",
       "          [-1.4632e-03,  4.8832e-03, -4.2638e-04,  7.2196e-03, -1.3638e-03,\n",
       "           -2.1361e-03, -3.0015e-04,  2.1409e-04,  8.4392e-04, -1.3598e-03,\n",
       "            2.2065e-05],\n",
       "          [-4.0228e-03,  1.8992e-03,  4.1274e-04, -1.3638e-03,  4.0135e-03,\n",
       "            2.3206e-03,  6.5592e-05,  1.3788e-04, -4.1932e-05, -7.3001e-04,\n",
       "           -1.1139e-04],\n",
       "          [-1.4691e-03, -1.0407e-03,  8.5185e-05, -2.1361e-03,  2.3206e-03,\n",
       "            2.1082e-03,  1.4672e-04, -5.9334e-05, -3.0377e-04,  1.8870e-04,\n",
       "           -2.6865e-05],\n",
       "          [ 1.3611e-04, -3.1245e-04,  3.6258e-05, -3.0015e-04,  6.5592e-05,\n",
       "            1.4672e-04,  1.4068e-04, -5.1732e-05, -1.2014e-04,  9.4755e-05,\n",
       "           -1.1084e-05],\n",
       "          [-3.3601e-04,  5.7969e-04,  1.2598e-05,  2.1409e-04,  1.3788e-04,\n",
       "           -5.9334e-05, -5.1732e-05,  1.8640e-04,  1.3605e-04, -1.5699e-04,\n",
       "            2.7278e-05],\n",
       "          [-3.2012e-04,  1.1595e-03, -1.1694e-05,  8.4392e-04, -4.1932e-05,\n",
       "           -3.0377e-04, -1.2014e-04,  1.3605e-04,  4.6186e-04, -3.1279e-04,\n",
       "            1.7087e-05],\n",
       "          [ 1.7098e-03, -2.9319e-03, -2.5392e-04, -1.3598e-03, -7.3001e-04,\n",
       "            1.8870e-04,  9.4755e-05, -1.5699e-04, -3.1279e-04,  1.1056e-03,\n",
       "            8.7762e-05],\n",
       "          [ 2.7636e-04, -4.7787e-05,  6.2334e-06,  2.2065e-05, -1.1139e-04,\n",
       "           -2.6865e-05, -1.1084e-05,  2.7278e-05,  1.7087e-05,  8.7762e-05,\n",
       "            1.6534e-04]])],\n",
       " [tensor(0.0002),\n",
       "  tensor(8.9619),\n",
       "  tensor([ 3.5231e-02, -4.8051e-01,  2.6503e-01,  5.1785e-02, -2.3219e-03,\n",
       "          -1.7304e-03,  3.6798e-04, -3.2447e-04, -3.0933e-04, -3.6331e-04,\n",
       "          -3.5829e-04]),\n",
       "  tensor([[ 3.9393e-02, -5.1437e-02,  2.6430e-02,  3.7632e-03,  6.6799e-04,\n",
       "           -2.2558e-04, -2.3044e-04,  1.9701e-04,  5.1254e-05,  7.3961e-06,\n",
       "            5.0496e-05],\n",
       "          [-5.1437e-02,  1.3500e-01, -6.7707e-02, -7.1851e-03, -1.9624e-03,\n",
       "            7.7112e-04,  5.4674e-04, -2.5636e-04, -2.3829e-04, -8.4100e-05,\n",
       "           -7.0263e-05],\n",
       "          [ 2.6430e-02, -6.7707e-02,  3.8118e-02,  3.2308e-03,  1.2154e-03,\n",
       "           -4.1160e-04, -3.3651e-04,  2.4438e-04,  1.3791e-04,  4.9385e-05,\n",
       "            8.6703e-05],\n",
       "          [ 3.7632e-03, -7.1851e-03,  3.2308e-03,  3.1768e-03, -1.8979e-04,\n",
       "            1.9053e-04,  4.6833e-05, -1.5605e-04,  2.0851e-05,  3.2994e-05,\n",
       "           -2.5327e-05],\n",
       "          [ 6.6799e-04, -1.9624e-03,  1.2154e-03, -1.8979e-04,  1.3043e-03,\n",
       "           -9.4929e-05, -7.6958e-05,  1.1033e-04,  5.0680e-05,  2.2968e-05,\n",
       "            2.1634e-05],\n",
       "          [-2.2558e-04,  7.7112e-04, -4.1160e-04,  1.9053e-04, -9.4929e-05,\n",
       "            1.1481e-03,  3.4324e-05, -3.7305e-05, -1.3145e-05,  1.1782e-05,\n",
       "            2.4933e-07],\n",
       "          [-2.3044e-04,  5.4674e-04, -3.3651e-04,  4.6833e-05, -7.6958e-05,\n",
       "            3.4324e-05,  9.9207e-04, -3.2921e-05, -1.1292e-05, -4.4958e-06,\n",
       "           -5.4590e-06],\n",
       "          [ 1.9701e-04, -2.5636e-04,  2.4438e-04, -1.5605e-04,  1.1033e-04,\n",
       "           -3.7305e-05, -3.2921e-05,  1.0171e-03,  1.1456e-05,  5.0999e-06,\n",
       "            9.5386e-06],\n",
       "          [ 5.1254e-05, -2.3829e-04,  1.3791e-04,  2.0851e-05,  5.0680e-05,\n",
       "           -1.3145e-05, -1.1292e-05,  1.1456e-05,  9.7769e-04,  7.0917e-06,\n",
       "            3.2466e-06],\n",
       "          [ 7.3961e-06, -8.4100e-05,  4.9385e-05,  3.2994e-05,  2.2968e-05,\n",
       "            1.1782e-05, -4.4958e-06,  5.0999e-06,  7.0917e-06,  9.6895e-04,\n",
       "            1.2635e-06],\n",
       "          [ 5.0496e-05, -7.0263e-05,  8.6703e-05, -2.5327e-05,  2.1634e-05,\n",
       "            2.4933e-07, -5.4590e-06,  9.5386e-06,  3.2466e-06,  1.2635e-06,\n",
       "            9.7345e-04]])],\n",
       " [tensor(1.5574e-10),\n",
       "  tensor(20.7678),\n",
       "  tensor([-2.7515e-01, -8.9002e-02,  9.0062e-03, -7.8565e-03,  2.5920e-03,\n",
       "          -7.7903e-04,  2.6780e-03,  1.6170e-03,  5.8088e-04, -2.2269e-05,\n",
       "           8.7476e-07]),\n",
       "  tensor([[ 7.1179e-03, -4.3226e-03, -1.6459e-03, -1.0539e-03, -1.8451e-04,\n",
       "            8.4232e-05,  3.7876e-05,  1.5190e-04,  1.1265e-04,  1.4656e-05,\n",
       "           -5.1811e-06],\n",
       "          [-4.3226e-03,  6.5518e-03, -8.1070e-05,  4.0545e-04,  1.6164e-04,\n",
       "           -5.6222e-05, -1.0234e-04, -1.3421e-04, -4.6578e-05,  1.8700e-05,\n",
       "            1.8800e-06],\n",
       "          [-1.6459e-03, -8.1070e-05,  1.4678e-03,  2.5642e-04,  3.8522e-05,\n",
       "            7.1227e-08,  3.9025e-05, -2.8121e-05, -2.4893e-05,  2.8686e-06,\n",
       "           -4.1631e-08],\n",
       "          [-1.0539e-03,  4.0545e-04,  2.5642e-04,  5.1534e-04,  5.1678e-05,\n",
       "           -4.0695e-05,  3.9920e-06, -2.1546e-05, -3.9529e-05, -3.2054e-06,\n",
       "            1.8420e-06],\n",
       "          [-1.8451e-04,  1.6164e-04,  3.8522e-05,  5.1678e-05,  2.2481e-04,\n",
       "            2.0189e-05, -5.3454e-05, -3.6148e-06, -2.2339e-05,  6.6049e-06,\n",
       "           -1.0148e-06],\n",
       "          [ 8.4232e-05, -5.6222e-05,  7.1227e-08, -4.0695e-05,  2.0189e-05,\n",
       "            1.4328e-04, -9.1026e-06,  1.3907e-05,  4.5987e-06, -6.5458e-07,\n",
       "            1.4269e-06],\n",
       "          [ 3.7876e-05, -1.0234e-04,  3.9025e-05,  3.9920e-06, -5.3454e-05,\n",
       "           -9.1026e-06,  1.7121e-04,  7.6225e-06,  9.6630e-06, -3.5478e-06,\n",
       "            1.4332e-06],\n",
       "          [ 1.5190e-04, -1.3421e-04, -2.8121e-05, -2.1546e-05, -3.6148e-06,\n",
       "            1.3907e-05,  7.6225e-06,  1.5214e-04,  1.1985e-05,  2.2478e-06,\n",
       "            3.6878e-06],\n",
       "          [ 1.1265e-04, -4.6578e-05, -2.4893e-05, -3.9529e-05, -2.2339e-05,\n",
       "            4.5987e-06,  9.6630e-06,  1.1985e-05,  1.3267e-04, -1.6888e-06,\n",
       "            1.3775e-06],\n",
       "          [ 1.4656e-05,  1.8700e-05,  2.8686e-06, -3.2054e-06,  6.6049e-06,\n",
       "           -6.5458e-07, -3.5478e-06,  2.2478e-06, -1.6888e-06,  1.1957e-04,\n",
       "            2.3161e-08],\n",
       "          [-5.1811e-06,  1.8800e-06, -4.1631e-08,  1.8420e-06, -1.0148e-06,\n",
       "            1.4269e-06,  1.4332e-06,  3.6878e-06,  1.3775e-06,  2.3161e-08,\n",
       "            1.1576e-04]])],\n",
       " [tensor(0.9606),\n",
       "  tensor(38.3194),\n",
       "  tensor([ 0.0202, -0.0164, -0.0031, -0.0684, -0.1176, -0.0027, -0.0002, -0.0043,\n",
       "          -0.0055, -0.0025,  0.0008]),\n",
       "  tensor([[ 3.0085e-02, -1.0488e-03, -1.7460e-02, -8.0343e-03,  1.6470e-02,\n",
       "            5.3873e-03, -2.3657e-04,  9.3437e-04,  2.3819e-04, -4.1196e-04,\n",
       "            5.7027e-04],\n",
       "          [-1.0488e-03,  1.9953e-03,  2.4141e-03, -4.6566e-03,  1.0982e-03,\n",
       "            1.3917e-03, -5.5119e-05,  1.6508e-04, -4.9201e-05,  1.4625e-04,\n",
       "           -3.4734e-05],\n",
       "          [-1.7460e-02,  2.4141e-03,  1.9153e-02, -9.0403e-04, -6.8973e-03,\n",
       "           -1.6064e-03,  4.7508e-05, -2.2560e-04, -7.0736e-05,  4.3234e-04,\n",
       "           -1.5275e-04],\n",
       "          [-8.0343e-03, -4.6566e-03, -9.0403e-04,  2.7291e-02, -8.7254e-03,\n",
       "           -8.6509e-03,  3.0627e-04, -8.9181e-04,  5.4402e-05, -5.7759e-04,\n",
       "            5.8192e-04],\n",
       "          [ 1.6470e-02,  1.0982e-03, -6.8973e-03, -8.7254e-03,  1.3934e-02,\n",
       "            6.0451e-03, -1.9508e-04,  7.1949e-04,  1.8622e-04, -7.6658e-05,\n",
       "            4.8421e-04],\n",
       "          [ 5.3873e-03,  1.3917e-03, -1.6064e-03, -8.6509e-03,  6.0451e-03,\n",
       "            4.1199e-03, -1.0325e-04,  3.4420e-04,  4.2035e-05,  1.4931e-04,\n",
       "           -1.4671e-05],\n",
       "          [-2.3657e-04, -5.5119e-05,  4.7508e-05,  3.0627e-04, -1.9508e-04,\n",
       "           -1.0325e-04,  3.4782e-05, -3.8343e-05,  8.3775e-07,  4.6968e-06,\n",
       "           -1.1763e-05],\n",
       "          [ 9.3437e-04,  1.6508e-04, -2.2560e-04, -8.9181e-04,  7.1949e-04,\n",
       "            3.4420e-04, -3.8343e-05,  1.1228e-04, -1.1795e-05, -5.1305e-06,\n",
       "            2.8846e-05],\n",
       "          [ 2.3819e-04, -4.9201e-05, -7.0736e-05,  5.4402e-05,  1.8622e-04,\n",
       "            4.2035e-05,  8.3775e-07, -1.1795e-05,  4.3623e-05,  2.4917e-06,\n",
       "           -1.2561e-08],\n",
       "          [-4.1196e-04,  1.4625e-04,  4.3234e-04, -5.7759e-04, -7.6658e-05,\n",
       "            1.4931e-04,  4.6968e-06, -5.1305e-06,  2.4917e-06,  1.4090e-04,\n",
       "           -1.3822e-04],\n",
       "          [ 5.7027e-04, -3.4734e-05, -1.5275e-04,  5.8192e-04,  4.8421e-04,\n",
       "           -1.4671e-05, -1.1763e-05,  2.8846e-05, -1.2561e-08, -1.3822e-04,\n",
       "            2.2172e-04]])],\n",
       " [tensor(0.0004),\n",
       "  tensor(27.1795),\n",
       "  tensor([-0.0701, -0.0058, -0.0020, -0.1642, -0.0791,  0.0246, -0.0083,  0.0121,\n",
       "           0.0118,  0.0019,  0.0067]),\n",
       "  tensor([[ 5.6851e-03, -1.4892e-04, -1.3152e-04,  3.6619e-03, -4.8159e-03,\n",
       "           -3.6411e-03,  7.9335e-04, -3.3786e-04,  1.8801e-04, -4.1426e-04,\n",
       "            1.3892e-04],\n",
       "          [-1.4892e-04,  3.3380e-04,  2.5763e-05, -1.2178e-04, -4.5212e-05,\n",
       "            5.0788e-05,  4.7433e-05, -4.6075e-05, -2.1557e-05,  1.0088e-04,\n",
       "           -1.0954e-04],\n",
       "          [-1.3152e-04,  2.5763e-05,  1.9261e-04, -1.2997e-04,  1.1219e-04,\n",
       "            1.7628e-04,  3.8647e-05,  5.1652e-06, -2.2601e-05,  2.8477e-05,\n",
       "            3.9291e-06],\n",
       "          [ 3.6619e-03, -1.2178e-04, -1.2997e-04,  3.4470e-03, -3.6280e-03,\n",
       "           -2.9922e-03,  3.4123e-04, -3.7683e-05,  1.1337e-04, -3.1393e-04,\n",
       "            1.1729e-04],\n",
       "          [-4.8159e-03, -4.5212e-05,  1.1219e-04, -3.6280e-03,  5.3929e-03,\n",
       "            4.2098e-03, -3.7002e-04,  1.4370e-04, -1.7043e-04,  3.3722e-04,\n",
       "           -8.2068e-05],\n",
       "          [-3.6411e-03,  5.0788e-05,  1.7628e-04, -2.9922e-03,  4.2098e-03,\n",
       "            4.3172e-03,  3.6752e-04,  6.2884e-05, -2.1502e-04,  3.4996e-04,\n",
       "           -7.6953e-05],\n",
       "          [ 7.9335e-04,  4.7433e-05,  3.8647e-05,  3.4123e-04, -3.7002e-04,\n",
       "            3.6752e-04,  1.0852e-03,  1.0511e-05, -1.1874e-04,  2.0451e-05,\n",
       "           -2.5937e-05],\n",
       "          [-3.3786e-04, -4.6075e-05,  5.1652e-06, -3.7683e-05,  1.4370e-04,\n",
       "            6.2884e-05,  1.0511e-05,  2.3209e-04, -5.4119e-05,  4.5361e-05,\n",
       "            4.6403e-05],\n",
       "          [ 1.8801e-04, -2.1557e-05, -2.2601e-05,  1.1337e-04, -1.7043e-04,\n",
       "           -2.1502e-04, -1.1874e-04, -5.4119e-05,  1.0491e-04, -5.1746e-05,\n",
       "            1.1316e-05],\n",
       "          [-4.1426e-04,  1.0088e-04,  2.8477e-05, -3.1393e-04,  3.3722e-04,\n",
       "            3.4996e-04,  2.0451e-05,  4.5361e-05, -5.1746e-05,  1.9473e-04,\n",
       "           -6.2105e-05],\n",
       "          [ 1.3892e-04, -1.0954e-04,  3.9291e-06,  1.1729e-04, -8.2068e-05,\n",
       "           -7.6953e-05, -2.5937e-05,  4.6403e-05,  1.1316e-05, -6.2105e-05,\n",
       "            1.5851e-04]])],\n",
       " [tensor(0.0011),\n",
       "  tensor(10.7076),\n",
       "  tensor([-2.7887e-01,  7.9080e-03,  4.9939e-01,  3.3082e-02, -4.7219e-02,\n",
       "          -2.5357e-03, -1.6038e-03, -4.7376e-04,  8.1325e-04,  6.6150e-04,\n",
       "           1.3705e-03]),\n",
       "  tensor([[ 1.4632e-02,  1.0878e-03, -1.2227e-02, -3.4480e-03, -3.0229e-03,\n",
       "           -3.7317e-04, -6.2048e-04,  2.3411e-05, -1.5046e-04, -3.3067e-05,\n",
       "            1.2416e-04],\n",
       "          [ 1.0878e-03,  1.2410e-03, -1.0689e-03, -1.9733e-04, -1.6301e-04,\n",
       "            3.6443e-06, -2.7649e-05,  8.5866e-06, -3.0702e-05, -7.4084e-06,\n",
       "            5.1916e-05],\n",
       "          [-1.2227e-02, -1.0689e-03,  1.8052e-02,  1.1465e-03, -2.3934e-03,\n",
       "           -1.7632e-04, -1.5247e-04, -5.7427e-05,  6.0243e-05,  5.1117e-05,\n",
       "           -1.9643e-04],\n",
       "          [-3.4480e-03, -1.9733e-04,  1.1465e-03,  3.9894e-03,  4.0324e-03,\n",
       "            4.4585e-04,  6.6343e-04,  2.3102e-05,  7.6363e-05, -6.3657e-06,\n",
       "           -3.0715e-06],\n",
       "          [-3.0229e-03, -1.6301e-04, -2.3934e-03,  4.0324e-03,  7.2013e-03,\n",
       "            6.9744e-04,  9.6966e-04,  5.4749e-05,  1.1546e-04, -1.2857e-05,\n",
       "            2.6686e-05],\n",
       "          [-3.7317e-04,  3.6443e-06, -1.7632e-04,  4.4585e-04,  6.9744e-04,\n",
       "            7.4744e-04,  1.0131e-04,  7.5571e-06,  9.8134e-06, -1.3665e-06,\n",
       "            4.3015e-06],\n",
       "          [-6.2048e-04, -2.7649e-05, -1.5247e-04,  6.6343e-04,  9.6966e-04,\n",
       "            1.0131e-04,  9.7190e-04, -1.4704e-05,  9.2380e-06,  9.9838e-07,\n",
       "            7.4626e-06],\n",
       "          [ 2.3411e-05,  8.5866e-06, -5.7427e-05,  2.3102e-05,  5.4749e-05,\n",
       "            7.5571e-06, -1.4704e-05,  6.7719e-04,  2.8144e-06,  2.1157e-06,\n",
       "           -3.0503e-06],\n",
       "          [-1.5046e-04, -3.0702e-05,  6.0243e-05,  7.6363e-05,  1.1546e-04,\n",
       "            9.8134e-06,  9.2380e-06,  2.8144e-06,  6.8610e-04,  3.8228e-06,\n",
       "           -9.0378e-06],\n",
       "          [-3.3067e-05, -7.4084e-06,  5.1117e-05, -6.3657e-06, -1.2857e-05,\n",
       "           -1.3665e-06,  9.9838e-07,  2.1157e-06,  3.8228e-06,  6.6979e-04,\n",
       "           -5.0628e-06],\n",
       "          [ 1.2416e-04,  5.1916e-05, -1.9643e-04, -3.0715e-06,  2.6686e-05,\n",
       "            4.3015e-06,  7.4626e-06, -3.0503e-06, -9.0378e-06, -5.0628e-06,\n",
       "            7.0345e-04]])],\n",
       " [tensor(0.0249),\n",
       "  tensor(26.2754),\n",
       "  tensor([-0.0857,  0.1896, -0.1868,  0.0662, -0.0496, -0.0595, -0.0030, -0.0043,\n",
       "           0.0022, -0.0042, -0.0150]),\n",
       "  tensor([[ 8.0827e-03, -9.8192e-03,  5.9343e-04, -2.9332e-03,  7.3624e-04,\n",
       "            1.5864e-03,  2.0216e-05, -9.8690e-05, -1.9135e-04, -9.3794e-05,\n",
       "           -6.5856e-04],\n",
       "          [-9.8192e-03,  1.0594e-01,  1.3722e-02, -3.4168e-03, -1.0975e-03,\n",
       "           -1.0793e-03,  1.9401e-05, -3.2372e-04,  5.8301e-04,  5.1328e-05,\n",
       "           -6.6058e-04],\n",
       "          [ 5.9343e-04,  1.3722e-02,  1.1650e-02, -8.4497e-03,  1.0514e-03,\n",
       "            3.6650e-03,  1.3698e-04, -2.4912e-04, -1.9065e-04, -1.1154e-04,\n",
       "           -1.4045e-03],\n",
       "          [-2.9332e-03, -3.4168e-03, -8.4497e-03,  8.4721e-03, -3.0509e-03,\n",
       "           -4.4619e-03, -1.7305e-04,  2.0849e-04,  1.8924e-04,  9.2723e-06,\n",
       "            1.0619e-03],\n",
       "          [ 7.3624e-04, -1.0975e-03,  1.0514e-03, -3.0509e-03,  4.9285e-03,\n",
       "            2.9170e-03,  1.6978e-04, -8.7041e-05,  9.6815e-05,  1.9710e-04,\n",
       "            1.2790e-04],\n",
       "          [ 1.5864e-03, -1.0793e-03,  3.6650e-03, -4.4619e-03,  2.9170e-03,\n",
       "            3.0384e-03,  1.2477e-04, -1.0485e-04, -5.7645e-05,  7.0223e-05,\n",
       "           -3.7785e-04],\n",
       "          [ 2.0216e-05,  1.9401e-05,  1.3698e-04, -1.7305e-04,  1.6978e-04,\n",
       "            1.2477e-04,  7.2625e-05, -1.0398e-05,  1.1941e-06,  4.7016e-06,\n",
       "           -1.4212e-05],\n",
       "          [-9.8690e-05, -3.2372e-04, -2.4912e-04,  2.0849e-04, -8.7041e-05,\n",
       "           -1.0485e-04, -1.0398e-05,  8.1798e-05, -9.9970e-06,  4.9129e-06,\n",
       "            6.7422e-05],\n",
       "          [-1.9135e-04,  5.8301e-04, -1.9065e-04,  1.8924e-04,  9.6815e-05,\n",
       "           -5.7645e-05,  1.1941e-06, -9.9970e-06,  9.4648e-05,  1.2204e-05,\n",
       "            4.1172e-05],\n",
       "          [-9.3794e-05,  5.1328e-05, -1.1154e-04,  9.2723e-06,  1.9710e-04,\n",
       "            7.0223e-05,  4.7016e-06,  4.9129e-06,  1.2204e-05,  7.1304e-05,\n",
       "            5.2370e-05],\n",
       "          [-6.5856e-04, -6.6058e-04, -1.4045e-03,  1.0619e-03,  1.2790e-04,\n",
       "           -3.7785e-04, -1.4212e-05,  6.7422e-05,  4.1172e-05,  5.2370e-05,\n",
       "            3.9158e-04]])],\n",
       " [tensor(3.5847e-05),\n",
       "  tensor(35.9387),\n",
       "  tensor([-0.0757,  0.0016,  0.0021,  0.0778, -0.1812,  0.0602,  0.0105,  0.0082,\n",
       "          -0.0037,  0.0043, -0.0059]),\n",
       "  tensor([[ 3.4394e-03, -1.3521e-04, -2.9521e-04, -5.7912e-03, -9.3356e-04,\n",
       "           -4.2704e-03, -2.3730e-04, -1.8833e-04,  2.2308e-06,  2.3409e-04,\n",
       "            7.7585e-05],\n",
       "          [-1.3521e-04,  9.9362e-05,  5.0525e-06,  1.8412e-04,  6.9372e-05,\n",
       "            1.8716e-04,  9.7424e-06, -1.3137e-05,  9.9073e-06, -5.0983e-06,\n",
       "            4.6881e-06],\n",
       "          [-2.9521e-04,  5.0525e-06,  2.7107e-04,  4.9769e-04,  1.6696e-04,\n",
       "            2.9861e-04,  2.3019e-05, -9.4387e-06,  2.2928e-05, -4.4244e-05,\n",
       "           -7.2170e-06],\n",
       "          [-5.7912e-03,  1.8412e-04,  4.9769e-04,  1.1298e-02,  2.1625e-03,\n",
       "            6.9827e-03,  4.3998e-04,  4.3703e-04,  1.0638e-04, -4.3951e-04,\n",
       "           -2.4047e-04],\n",
       "          [-9.3356e-04,  6.9372e-05,  1.6696e-04,  2.1625e-03,  8.0827e-04,\n",
       "            8.9508e-04,  9.5776e-05,  7.3498e-05,  8.4270e-05, -7.8172e-05,\n",
       "           -7.4627e-05],\n",
       "          [-4.2704e-03,  1.8716e-04,  2.9861e-04,  6.9827e-03,  8.9508e-04,\n",
       "            6.0446e-03,  3.0843e-04,  8.0757e-05,  3.6910e-05, -3.2852e-04,\n",
       "           -3.4113e-05],\n",
       "          [-2.3730e-04,  9.7424e-06,  2.3019e-05,  4.3998e-04,  9.5776e-05,\n",
       "            3.0843e-04,  6.1652e-05, -1.4464e-05,  1.4244e-05, -3.3428e-06,\n",
       "           -3.3603e-06],\n",
       "          [-1.8833e-04, -1.3137e-05, -9.4387e-06,  4.3703e-04,  7.3498e-05,\n",
       "            8.0757e-05, -1.4464e-05,  1.8186e-04, -7.5750e-05,  6.2914e-05,\n",
       "           -3.8102e-05],\n",
       "          [ 2.2308e-06,  9.9073e-06,  2.2928e-05,  1.0638e-04,  8.4270e-05,\n",
       "            3.6910e-05,  1.4244e-05, -7.5750e-05,  8.5583e-05, -6.7553e-05,\n",
       "            4.3945e-06],\n",
       "          [ 2.3409e-04, -5.0983e-06, -4.4244e-05, -4.3951e-04, -7.8172e-05,\n",
       "           -3.2852e-04, -3.3428e-06,  6.2914e-05, -6.7553e-05,  1.9203e-04,\n",
       "            1.0134e-05],\n",
       "          [ 7.7585e-05,  4.6881e-06, -7.2170e-06, -2.4047e-04, -7.4627e-05,\n",
       "           -3.4113e-05, -3.3603e-06, -3.8102e-05,  4.3945e-06,  1.0134e-05,\n",
       "            3.5025e-05]])],\n",
       " [tensor(8.5580e-08),\n",
       "  tensor(8.5190),\n",
       "  tensor([-6.9208e-02,  6.6468e-03,  6.1173e-01,  1.5315e-01,  7.5978e-02,\n",
       "          -2.8203e-03,  5.2953e-04, -4.9597e-04, -6.1740e-04,  3.1510e-05,\n",
       "           2.9096e-05]),\n",
       "  tensor([[ 7.3855e-03,  1.3167e-03, -1.3405e-02, -4.2815e-03,  5.4203e-04,\n",
       "           -1.1700e-04, -2.6457e-05, -9.5320e-05, -2.9631e-05, -2.8002e-06,\n",
       "            1.6133e-05],\n",
       "          [ 1.3167e-03,  2.1849e-03, -2.7611e-03, -6.7263e-04, -2.4307e-04,\n",
       "            7.5207e-06, -4.5920e-06,  1.2645e-05,  4.6713e-06,  6.2394e-06,\n",
       "            5.6551e-06],\n",
       "          [-1.3405e-02, -2.7611e-03,  4.5879e-02,  1.0755e-02,  4.0757e-03,\n",
       "           -2.6520e-04, -1.1705e-04,  5.3579e-06,  2.3021e-05,  3.7768e-05,\n",
       "           -4.4142e-06],\n",
       "          [-4.2815e-03, -6.7263e-04,  1.0755e-02,  5.5495e-03, -1.2162e-03,\n",
       "            1.7251e-04,  1.2786e-04,  1.1984e-04,  1.3560e-05,  1.5554e-06,\n",
       "           -2.1296e-05],\n",
       "          [ 5.4203e-04, -2.4307e-04,  4.0757e-03, -1.2162e-03,  4.5483e-03,\n",
       "           -3.5824e-04, -1.5577e-04, -1.6794e-04, -1.8313e-05,  1.7732e-05,\n",
       "            2.8059e-05],\n",
       "          [-1.1700e-04,  7.5207e-06, -2.6520e-04,  1.7251e-04, -3.5824e-04,\n",
       "            1.0524e-03,  9.2859e-06,  1.8990e-05,  2.0423e-06, -2.3384e-06,\n",
       "           -3.4910e-06],\n",
       "          [-2.6457e-05, -4.5920e-06, -1.1705e-04,  1.2786e-04, -1.5577e-04,\n",
       "            9.2859e-06,  1.3071e-03, -1.3100e-05, -1.5018e-05,  5.2824e-06,\n",
       "            3.9474e-06],\n",
       "          [-9.5320e-05,  1.2645e-05,  5.3579e-06,  1.1984e-04, -1.6794e-04,\n",
       "            1.8990e-05, -1.3100e-05,  1.0285e-03,  3.2193e-06,  1.7641e-07,\n",
       "           -1.4826e-06],\n",
       "          [-2.9631e-05,  4.6713e-06,  2.3021e-05,  1.3560e-05, -1.8313e-05,\n",
       "            2.0423e-06, -1.5018e-05,  3.2193e-06,  1.0225e-03,  3.9917e-06,\n",
       "            1.7797e-06],\n",
       "          [-2.8002e-06,  6.2394e-06,  3.7768e-05,  1.5554e-06,  1.7732e-05,\n",
       "           -2.3384e-06,  5.2824e-06,  1.7641e-07,  3.9917e-06,  1.0165e-03,\n",
       "            1.6088e-06],\n",
       "          [ 1.6133e-05,  5.6551e-06, -4.4142e-06, -2.1296e-05,  2.8059e-05,\n",
       "           -3.4910e-06,  3.9474e-06, -1.4826e-06,  1.7797e-06,  1.6088e-06,\n",
       "            1.0146e-03]])],\n",
       " [tensor(6.8708e-07),\n",
       "  tensor(21.2723),\n",
       "  tensor([ 3.0577e-01,  4.9073e-02,  2.2371e-04,  2.7180e-01, -1.2470e-01,\n",
       "          -6.6879e-02,  4.2351e-03, -1.0434e-02, -5.3578e-03,  1.9312e-03,\n",
       "           1.0512e-04]),\n",
       "  tensor([[ 1.1131e-02,  7.1319e-04, -1.0186e-04, -8.0462e-03,  6.3826e-03,\n",
       "           -5.3818e-03,  4.4116e-03, -2.6200e-03, -1.6767e-03, -1.0462e-03,\n",
       "            1.0327e-04],\n",
       "          [ 7.1319e-04,  1.0197e-03,  1.2196e-05,  2.4206e-04, -2.4293e-04,\n",
       "           -8.2286e-05,  2.3971e-05, -1.5971e-05, -2.1701e-05, -4.9270e-05,\n",
       "            6.2321e-06],\n",
       "          [-1.0186e-04,  1.2196e-05,  3.4657e-04,  4.8991e-04, -1.9479e-04,\n",
       "            1.5462e-04, -1.6640e-04,  1.0384e-04,  4.3412e-05,  1.4111e-05,\n",
       "            5.5369e-06],\n",
       "          [-8.0462e-03,  2.4206e-04,  4.8991e-04,  1.0395e-02, -4.3204e-03,\n",
       "            5.1328e-03, -4.2293e-03,  2.4971e-03,  1.3805e-03,  7.4278e-04,\n",
       "           -5.9084e-05],\n",
       "          [ 6.3826e-03, -2.4293e-04, -1.9479e-04, -4.3204e-03,  9.9468e-03,\n",
       "           -1.3463e-03,  2.4736e-03, -1.4227e-03, -1.1088e-03, -4.2326e-04,\n",
       "            6.7923e-05],\n",
       "          [-5.3818e-03, -8.2286e-05,  1.5462e-04,  5.1328e-03, -1.3463e-03,\n",
       "            3.7666e-03, -2.5444e-03,  1.5217e-03,  8.5445e-04,  5.9648e-04,\n",
       "           -4.5725e-05],\n",
       "          [ 4.4116e-03,  2.3971e-05, -1.6640e-04, -4.2293e-03,  2.4736e-03,\n",
       "           -2.5444e-03,  2.2043e-03, -1.2235e-03, -7.2047e-04, -4.1066e-04,\n",
       "            3.3128e-05],\n",
       "          [-2.6200e-03, -1.5971e-05,  1.0384e-04,  2.4971e-03, -1.4227e-03,\n",
       "            1.5217e-03, -1.2235e-03,  9.1698e-04,  4.3219e-04,  2.0426e-04,\n",
       "           -1.2277e-05],\n",
       "          [-1.6767e-03, -2.1701e-05,  4.3412e-05,  1.3805e-03, -1.1088e-03,\n",
       "            8.5445e-04, -7.2047e-04,  4.3219e-04,  4.1085e-04,  1.3790e-04,\n",
       "           -1.3806e-05],\n",
       "          [-1.0462e-03, -4.9270e-05,  1.4111e-05,  7.4278e-04, -4.2326e-04,\n",
       "            5.9648e-04, -4.1066e-04,  2.0426e-04,  1.3790e-04,  3.5696e-04,\n",
       "           -9.9352e-06],\n",
       "          [ 1.0327e-04,  6.2321e-06,  5.5369e-06, -5.9084e-05,  6.7923e-05,\n",
       "           -4.5725e-05,  3.3128e-05, -1.2277e-05, -1.3806e-05, -9.9352e-06,\n",
       "            1.1513e-04]])],\n",
       " [tensor(5.5291e-09),\n",
       "  tensor(22.1879),\n",
       "  tensor([ 2.9698e-01,  4.8340e-01,  6.9621e-02,  1.2963e-02, -4.1419e-03,\n",
       "          -4.1148e-03,  3.0846e-04, -5.8676e-04,  1.5479e-05,  9.1058e-05,\n",
       "          -4.5991e-05]),\n",
       "  tensor([[ 3.0506e-02, -2.3275e-02, -2.8756e-03,  5.3371e-04,  5.9574e-04,\n",
       "            1.6779e-04, -1.4956e-04, -6.8947e-05, -2.3889e-05, -4.2074e-05,\n",
       "            5.8632e-05],\n",
       "          [-2.3275e-02,  3.4051e-02,  8.3092e-03,  1.4714e-03, -5.8394e-04,\n",
       "           -1.5024e-05,  2.6361e-04,  1.3425e-04,  9.6765e-05,  7.3977e-05,\n",
       "           -7.8780e-05],\n",
       "          [-2.8756e-03,  8.3092e-03,  6.8663e-03,  1.1387e-03, -1.0285e-04,\n",
       "            2.5618e-04,  1.2444e-04,  1.1841e-04,  5.4414e-05,  3.9550e-05,\n",
       "           -3.6900e-05],\n",
       "          [ 5.3371e-04,  1.4714e-03,  1.1387e-03,  2.5345e-03,  2.1642e-04,\n",
       "            2.5047e-04,  9.8885e-05,  5.8749e-05,  5.4351e-05,  2.1201e-05,\n",
       "            6.4549e-06],\n",
       "          [ 5.9574e-04, -5.8394e-04, -1.0285e-04,  2.1642e-04,  1.5371e-04,\n",
       "            9.7888e-06,  2.3728e-06,  4.5194e-06,  4.4626e-06, -1.2900e-06,\n",
       "            1.7923e-06],\n",
       "          [ 1.6779e-04, -1.5024e-05,  2.5618e-04,  2.5047e-04,  9.7888e-06,\n",
       "            4.3690e-04,  4.1635e-05, -8.5040e-06, -1.6637e-06,  2.1973e-05,\n",
       "            1.5449e-05],\n",
       "          [-1.4956e-04,  2.6361e-04,  1.2444e-04,  9.8885e-05,  2.3728e-06,\n",
       "            4.1635e-05,  1.3771e-04,  7.8764e-06,  8.0330e-06,  7.3433e-06,\n",
       "           -5.1098e-07],\n",
       "          [-6.8947e-05,  1.3425e-04,  1.1841e-04,  5.8749e-05,  4.5194e-06,\n",
       "           -8.5040e-06,  7.8764e-06,  1.2333e-04,  3.5215e-06,  4.3295e-06,\n",
       "           -1.4082e-06],\n",
       "          [-2.3889e-05,  9.6765e-05,  5.4414e-05,  5.4351e-05,  4.4626e-06,\n",
       "           -1.6637e-06,  8.0330e-06,  3.5215e-06,  1.0814e-04,  4.7820e-06,\n",
       "            9.8757e-08],\n",
       "          [-4.2074e-05,  7.3977e-05,  3.9550e-05,  2.1201e-05, -1.2900e-06,\n",
       "            2.1973e-05,  7.3433e-06,  4.3295e-06,  4.7820e-06,  1.0263e-04,\n",
       "            1.6124e-06],\n",
       "          [ 5.8632e-05, -7.8780e-05, -3.6900e-05,  6.4549e-06,  1.7923e-06,\n",
       "            1.5449e-05, -5.1098e-07, -1.4082e-06,  9.8757e-08,  1.6124e-06,\n",
       "            1.0018e-04]])],\n",
       " [tensor(0.0098),\n",
       "  tensor(5.0948),\n",
       "  tensor([ 4.5729e-01,  1.1734e-01,  6.6245e-02, -9.7031e-02, -7.3863e-03,\n",
       "           1.2047e-02, -1.0718e-03, -4.6819e-04,  3.6847e-04,  3.8184e-04,\n",
       "          -8.2593e-04]),\n",
       "  tensor([[ 5.0986e-02,  1.6998e-02,  1.3873e-02, -6.5085e-03,  2.1178e-03,\n",
       "           -9.9421e-04, -8.2452e-04, -2.6272e-04,  2.1084e-04, -1.3377e-04,\n",
       "            1.3815e-05],\n",
       "          [ 1.6998e-02,  1.0941e-02,  2.9285e-03,  8.5408e-04,  7.3013e-04,\n",
       "           -3.8466e-04, -2.8656e-04, -2.9944e-05,  5.5699e-05, -5.6025e-05,\n",
       "            7.5518e-07],\n",
       "          [ 1.3873e-02,  2.9285e-03,  1.0784e-02, -4.9089e-03,  3.3909e-04,\n",
       "            2.8264e-05, -3.0502e-04, -1.4915e-04,  7.1392e-05, -1.5376e-05,\n",
       "           -7.9731e-06],\n",
       "          [-6.5085e-03,  8.5408e-04, -4.9089e-03,  1.4106e-02,  4.4537e-04,\n",
       "           -1.4066e-03,  4.1681e-04,  1.0686e-04, -4.8398e-06, -1.0495e-05,\n",
       "            1.1121e-04],\n",
       "          [ 2.1178e-03,  7.3013e-04,  3.3909e-04,  4.4537e-04,  2.6940e-03,\n",
       "           -2.4200e-04,  3.1356e-06, -2.4740e-05,  1.5488e-05, -1.1562e-05,\n",
       "            1.5354e-05],\n",
       "          [-9.9421e-04, -3.8466e-04,  2.8264e-05, -1.4066e-03, -2.4200e-04,\n",
       "            2.9920e-03, -2.8085e-06, -9.4574e-06, -2.2878e-05,  1.3195e-05,\n",
       "           -1.2928e-05],\n",
       "          [-8.2452e-04, -2.8656e-04, -3.0502e-04,  4.1681e-04,  3.1356e-06,\n",
       "           -2.8085e-06,  2.5151e-03, -5.3589e-06, -4.8239e-06,  3.7184e-06,\n",
       "            1.5011e-05],\n",
       "          [-2.6272e-04, -2.9944e-05, -1.4915e-04,  1.0686e-04, -2.4740e-05,\n",
       "           -9.4574e-06, -5.3589e-06,  2.4700e-03, -1.2726e-06,  4.9409e-07,\n",
       "           -3.4548e-06],\n",
       "          [ 2.1084e-04,  5.5699e-05,  7.1392e-05, -4.8398e-06,  1.5488e-05,\n",
       "           -2.2878e-05, -4.8239e-06, -1.2726e-06,  2.4555e-03, -7.5892e-07,\n",
       "            6.2991e-07],\n",
       "          [-1.3377e-04, -5.6025e-05, -1.5376e-05, -1.0495e-05, -1.1562e-05,\n",
       "            1.3195e-05,  3.7184e-06,  4.9409e-07, -7.5892e-07,  2.4540e-03,\n",
       "            6.7159e-07],\n",
       "          [ 1.3815e-05,  7.5518e-07, -7.9731e-06,  1.1121e-04,  1.5354e-05,\n",
       "           -1.2928e-05,  1.5011e-05, -3.4548e-06,  6.2991e-07,  6.7159e-07,\n",
       "            2.4591e-03]])]]"
      ]
     },
     "execution_count": 24,
     "metadata": {},
     "output_type": "execute_result"
    }
   ],
   "source": [
    "range_data = np.mean(np.max(X[np.where(d!=6)[0], :], axis=0) - np.min(X[np.where(d!=6)[0], :], axis=0))\n",
    "\n",
    "dim_reduction = 11\n",
    "K_max = 13\n",
    "OGMM = Online_GMM(\n",
    "    n_components=K_max, \n",
    "    lr=0.1,\n",
    "    n_features=dim_reduction,\n",
    "    data_range=range_data,\n",
    "    batch_size=batch_size\n",
    ")\n",
    "\n",
    "i=0\n",
    "while i < Xt.shape[0]-dim_reduction:\n",
    "    OGMM.fit_sample(Xt[i:i+dim_reduction, :], dimension_reduction=True)\n",
    "    i += dim_reduction\n",
    "\n",
    "OGMM.generate_list()"
   ]
  },
  {
   "cell_type": "code",
   "execution_count": 25,
   "metadata": {},
   "outputs": [
    {
     "data": {
      "text/plain": [
       "(0.0, 1.0, 0.0, 1.0)"
      ]
     },
     "execution_count": 25,
     "metadata": {},
     "output_type": "execute_result"
    },
    {
     "data": {
